cf ua k=150
rating matrix : 943x1682
User 1 	 10 	 1,000 	 1,183 
User 7 	 10 	 0,498 	 0,602 
User 2 	 10 	 0,900 	 1,184 
User 4 	 10 	 0,700 	 0,789 
User 5 	 10 	 1,649 	 2,004 
User 6 	 10 	 1,071 	 1,233 
User 8 	 10 	 1,182 	 1,596 
User 3 	 10 	 1,985 	 2,253 
User 13 	 10 	 0,950 	 1,209 
User 9 	 10 	 0,600 	 0,697 
User 10 	 10 	 0,931 	 1,039 
User 11 	 10 	 0,723 	 0,854 
User 12 	 10 	 0,566 	 0,650 
User 14 	 10 	 0,919 	 1,062 
User 16 	 10 	 1,433 	 1,511 
User 15 	 10 	 1,443 	 1,690 
User 17 	 10 	 1,261 	 1,533 
User 18 	 10 	 0,900 	 1,225 
User 21 	 10 	 1,700 	 1,857 
User 19 	 10 	 0,789 	 1,012 
User 20 	 10 	 0,982 	 1,185 
User 22 	 10 	 1,108 	 1,523 
User 23 	 10 	 1,000 	 1,095 
User 24 	 10 	 0,800 	 1,000 
User 25 	 10 	 0,873 	 0,999 
User 26 	 10 	 0,673 	 0,779 
User 28 	 10 	 0,600 	 0,775 
User 29 	 10 	 1,000 	 1,342 
User 27 	 10 	 0,914 	 1,235 
User 30 	 10 	 0,932 	 1,109 
User 31 	 10 	 0,868 	 1,101 
User 32 	 10 	 0,519 	 0,721 
User 33 	 10 	 0,413 	 0,638 
User 34 	 10 	 0,766 	 0,978 
User 37 	 10 	 0,711 	 0,933 
User 35 	 10 	 1,158 	 1,425 
User 38 	 10 	 1,625 	 1,862 
User 36 	 10 	 1,231 	 1,449 
User 39 	 10 	 0,529 	 0,659 
User 40 	 10 	 0,855 	 1,221 
User 41 	 10 	 0,500 	 0,646 
User 42 	 10 	 1,000 	 1,118 
User 43 	 10 	 0,500 	 0,680 
User 44 	 10 	 1,080 	 1,249 
User 45 	 10 	 0,900 	 1,050 
User 46 	 10 	 0,817 	 1,006 
User 47 	 10 	 0,759 	 0,984 
User 48 	 10 	 0,629 	 0,778 
User 49 	 10 	 1,267 	 1,430 
User 50 	 10 	 1,200 	 1,420 
User 51 	 10 	 0,817 	 1,194 
User 52 	 10 	 0,558 	 0,701 
User 53 	 10 	 0,952 	 1,093 
User 54 	 10 	 0,814 	 0,955 
User 56 	 10 	 0,800 	 0,922 
User 55 	 10 	 1,857 	 2,162 
User 57 	 10 	 0,800 	 0,919 
User 58 	 10 	 1,200 	 1,282 
User 59 	 10 	 1,200 	 1,382 
User 60 	 10 	 0,767 	 0,889 
User 62 	 10 	 0,900 	 1,158 
User 61 	 10 	 1,237 	 1,450 
User 64 	 10 	 1,000 	 1,183 
User 63 	 10 	 0,820 	 0,927 
User 65 	 10 	 1,260 	 1,449 
User 66 	 10 	 0,983 	 1,287 
User 67 	 10 	 0,613 	 0,761 
User 68 	 10 	 1,556 	 1,829 
User 69 	 10 	 0,900 	 0,944 
User 70 	 10 	 0,600 	 0,671 
User 72 	 10 	 0,800 	 0,922 
User 71 	 10 	 0,937 	 1,027 
User 73 	 10 	 1,200 	 1,360 
User 75 	 10 	 1,207 	 1,423 
User 74 	 10 	 0,643 	 0,799 
User 76 	 10 	 0,567 	 0,746 
User 77 	 10 	 0,700 	 0,837 
User 79 	 10 	 1,160 	 1,311 
User 78 	 10 	 1,030 	 1,430 
User 80 	 10 	 0,600 	 0,762 
User 81 	 10 	 0,933 	 1,116 
User 82 	 10 	 1,157 	 1,413 
User 83 	 10 	 0,700 	 0,922 
User 84 	 10 	 0,850 	 0,957 
User 85 	 10 	 1,186 	 1,377 
User 87 	 10 	 0,610 	 0,878 
User 86 	 10 	 1,089 	 1,203 
User 88 	 10 	 1,068 	 1,327 
User 89 	 10 	 1,357 	 1,463 
User 90 	 10 	 0,750 	 0,961 
User 91 	 10 	 0,508 	 0,829 
User 92 	 10 	 1,200 	 1,483 
User 94 	 10 	 0,820 	 1,068 
User 93 	 10 	 1,014 	 1,124 
User 95 	 10 	 0,736 	 1,071 
User 96 	 10 	 0,858 	 0,988 
User 97 	 10 	 1,189 	 1,270 
User 98 	 10 	 1,097 	 1,192 
User 99 	 10 	 1,400 	 1,623 
User 100 	 10 	 1,065 	 1,394 
User 102 	 10 	 1,500 	 1,643 
User 101 	 10 	 0,727 	 0,831 
User 103 	 10 	 0,637 	 0,780 
User 104 	 10 	 2,002 	 2,213 
User 105 	 10 	 0,638 	 0,878 
User 106 	 10 	 0,633 	 0,688 
User 107 	 10 	 1,027 	 1,363 
User 108 	 10 	 0,600 	 0,671 
User 109 	 10 	 1,032 	 1,398 
User 110 	 10 	 1,214 	 1,466 
User 111 	 10 	 0,700 	 0,850 
User 112 	 10 	 1,010 	 1,490 
User 113 	 10 	 0,900 	 1,044 
User 114 	 10 	 0,900 	 1,006 
User 115 	 10 	 0,673 	 0,903 
User 116 	 10 	 0,951 	 1,093 
User 117 	 10 	 1,246 	 1,334 
User 118 	 10 	 0,874 	 0,917 
User 119 	 10 	 0,695 	 0,744 
User 120 	 10 	 0,888 	 1,020 
User 121 	 10 	 1,160 	 1,342 
User 122 	 10 	 0,736 	 0,947 
User 123 	 10 	 0,726 	 0,847 
User 124 	 10 	 1,004 	 1,204 
User 125 	 10 	 1,294 	 1,430 
User 126 	 10 	 0,985 	 1,147 
User 127 	 10 	 1,152 	 1,513 
User 128 	 10 	 0,800 	 1,025 
User 130 	 10 	 0,500 	 0,707 
User 129 	 10 	 1,275 	 1,504 
User 131 	 10 	 0,749 	 0,944 
User 132 	 10 	 0,421 	 0,633 
User 133 	 10 	 1,068 	 1,305 
User 134 	 10 	 0,850 	 1,031 
User 135 	 10 	 0,850 	 0,981 
User 136 	 10 	 0,424 	 0,775 
User 138 	 10 	 0,952 	 1,057 
User 137 	 10 	 1,085 	 1,177 
User 139 	 10 	 0,448 	 0,609 
User 140 	 10 	 0,646 	 0,772 
User 141 	 10 	 1,222 	 1,316 
User 143 	 10 	 0,800 	 0,878 
User 142 	 10 	 0,723 	 1,151 
User 144 	 10 	 0,620 	 0,707 
User 145 	 10 	 1,400 	 1,500 
User 146 	 10 	 0,764 	 1,040 
User 147 	 10 	 0,618 	 0,867 
User 148 	 10 	 1,300 	 1,658 
User 149 	 10 	 1,445 	 1,661 
User 151 	 10 	 1,086 	 1,176 
User 150 	 10 	 0,946 	 1,408 
User 152 	 10 	 1,082 	 1,136 
User 153 	 10 	 1,680 	 1,827 
User 154 	 10 	 0,523 	 0,847 
User 155 	 10 	 1,345 	 1,534 
User 156 	 10 	 0,572 	 0,750 
User 157 	 10 	 1,100 	 1,288 
User 158 	 10 	 0,800 	 0,938 
User 159 	 10 	 0,644 	 0,913 
User 160 	 10 	 1,025 	 1,136 
User 161 	 10 	 1,435 	 1,678 
User 162 	 10 	 0,631 	 0,771 
User 163 	 10 	 0,686 	 0,843 
User 164 	 10 	 0,720 	 0,943 
User 165 	 10 	 0,805 	 1,000 
User 166 	 10 	 1,020 	 1,360 
User 167 	 10 	 1,494 	 1,955 
User 168 	 10 	 1,282 	 1,420 
User 169 	 10 	 0,934 	 1,250 
User 170 	 10 	 0,900 	 0,943 
User 171 	 10 	 0,432 	 0,546 
User 172 	 10 	 0,692 	 0,819 
User 173 	 10 	 0,862 	 0,985 
User 174 	 10 	 1,700 	 1,803 
User 175 	 10 	 1,148 	 1,469 
User 176 	 10 	 1,100 	 1,347 
User 177 	 10 	 1,117 	 1,344 
User 178 	 10 	 0,600 	 0,615 
User 179 	 10 	 1,315 	 1,783 
User 181 	 10 	 1,600 	 1,673 
User 180 	 10 	 1,028 	 1,289 
User 182 	 10 	 0,770 	 0,966 
User 183 	 10 	 1,124 	 1,439 
User 184 	 10 	 0,700 	 0,823 
User 185 	 10 	 0,326 	 0,515 
User 186 	 10 	 0,930 	 1,273 
User 188 	 10 	 0,824 	 1,007 
User 187 	 10 	 0,672 	 0,795 
User 189 	 10 	 1,100 	 1,221 
User 190 	 10 	 1,084 	 1,401 
User 191 	 10 	 0,700 	 0,837 
User 192 	 10 	 0,829 	 1,281 
User 193 	 10 	 0,700 	 1,058 
User 194 	 10 	 1,125 	 1,310 
User 195 	 10 	 0,604 	 1,102 
User 197 	 10 	 1,041 	 1,301 
User 196 	 10 	 0,521 	 0,713 
User 198 	 10 	 0,987 	 1,303 
User 199 	 10 	 1,600 	 2,049 
User 200 	 10 	 0,900 	 0,949 
User 201 	 10 	 1,389 	 1,777 
User 202 	 10 	 1,028 	 1,291 
User 204 	 10 	 1,200 	 1,412 
User 205 	 10 	 1,083 	 1,541 
User 203 	 10 	 1,000 	 1,201 
User 206 	 10 	 1,854 	 2,112 
User 207 	 10 	 1,360 	 1,497 
User 208 	 10 	 0,841 	 1,201 
User 209 	 10 	 1,164 	 1,273 
User 210 	 10 	 1,340 	 1,463 
User 211 	 10 	 1,077 	 1,380 
User 212 	 10 	 1,014 	 1,493 
User 213 	 10 	 0,800 	 1,183 
User 214 	 10 	 0,404 	 0,621 
User 215 	 10 	 0,513 	 0,834 
User 216 	 10 	 1,200 	 1,414 
User 217 	 10 	 0,913 	 1,312 
User 218 	 10 	 0,846 	 0,931 
User 219 	 10 	 1,400 	 1,705 
User 221 	 10 	 0,559 	 0,796 
User 220 	 10 	 0,738 	 1,159 
User 222 	 10 	 0,600 	 0,894 
User 223 	 10 	 1,767 	 1,990 
User 224 	 10 	 1,054 	 1,414 
User 225 	 10 	 0,700 	 0,931 
User 226 	 10 	 0,614 	 0,895 
User 227 	 10 	 0,786 	 1,003 
User 229 	 10 	 2,069 	 2,299 
User 228 	 10 	 1,000 	 1,476 
User 230 	 10 	 1,060 	 1,175 
User 231 	 10 	 0,856 	 1,048 
User 232 	 10 	 1,000 	 1,184 
User 233 	 10 	 0,522 	 0,668 
User 234 	 10 	 0,867 	 1,078 
User 235 	 10 	 0,729 	 0,861 
User 236 	 10 	 0,912 	 1,056 
User 237 	 10 	 0,544 	 0,831 
User 238 	 10 	 0,974 	 1,113 
User 239 	 10 	 0,876 	 0,919 
User 240 	 10 	 0,962 	 1,029 
User 241 	 10 	 0,831 	 1,049 
User 242 	 10 	 0,795 	 0,887 
User 243 	 10 	 0,700 	 0,782 
User 244 	 10 	 0,900 	 1,049 
User 246 	 10 	 1,100 	 1,285 
User 245 	 10 	 1,000 	 1,408 
User 247 	 10 	 0,616 	 0,895 
User 248 	 10 	 1,000 	 1,118 
User 249 	 10 	 0,833 	 0,972 
User 250 	 10 	 0,740 	 0,837 
User 251 	 10 	 0,900 	 1,096 
User 252 	 10 	 1,214 	 1,354 
User 253 	 10 	 0,807 	 0,958 
User 254 	 10 	 0,875 	 1,221 
User 255 	 10 	 1,689 	 2,023 
User 256 	 10 	 0,700 	 0,949 
User 257 	 10 	 0,553 	 0,831 
User 258 	 10 	 1,203 	 1,553 
User 259 	 10 	 0,418 	 0,753 
User 260 	 10 	 1,103 	 1,375 
User 261 	 10 	 0,515 	 0,678 
User 262 	 10 	 0,791 	 0,890 
User 264 	 10 	 0,834 	 1,015 
User 263 	 10 	 0,633 	 0,771 
User 265 	 10 	 0,873 	 0,993 
User 266 	 10 	 0,510 	 0,807 
User 267 	 10 	 0,641 	 0,798 
User 268 	 10 	 1,200 	 1,360 
User 269 	 10 	 1,210 	 1,426 
User 270 	 10 	 0,647 	 0,811 
User 271 	 10 	 0,700 	 0,949 
User 272 	 10 	 0,602 	 0,892 
User 273 	 10 	 0,453 	 0,604 
User 274 	 10 	 1,147 	 1,232 
User 275 	 10 	 0,925 	 1,080 
User 276 	 10 	 0,700 	 0,922 
User 277 	 10 	 0,743 	 0,890 
User 278 	 10 	 0,800 	 1,000 
User 279 	 10 	 1,100 	 1,581 
User 280 	 10 	 1,043 	 1,221 
User 281 	 10 	 1,088 	 1,440 
User 282 	 10 	 0,943 	 1,191 
User 283 	 10 	 0,446 	 0,519 
User 284 	 10 	 0,700 	 0,949 
User 285 	 10 	 0,811 	 1,004 
User 286 	 10 	 0,667 	 0,882 
User 287 	 10 	 0,916 	 1,230 
User 288 	 10 	 1,000 	 1,177 
User 289 	 10 	 0,929 	 1,324 
User 290 	 10 	 0,625 	 0,752 
User 291 	 10 	 0,943 	 1,061 
User 293 	 10 	 0,757 	 0,844 
User 292 	 10 	 1,000 	 1,118 
User 294 	 10 	 0,833 	 0,937 
User 295 	 10 	 0,400 	 0,608 
User 296 	 10 	 1,031 	 1,106 
User 297 	 10 	 0,800 	 1,095 
User 298 	 10 	 0,600 	 0,730 
User 299 	 10 	 0,500 	 0,500 
User 301 	 10 	 0,400 	 0,632 
User 300 	 10 	 0,500 	 0,707 
User 302 	 10 	 1,600 	 1,732 
User 303 	 10 	 0,800 	 1,000 
User 304 	 10 	 1,058 	 1,387 
User 305 	 10 	 0,833 	 1,046 
User 306 	 10 	 0,510 	 0,710 
User 307 	 10 	 0,820 	 1,049 
User 308 	 10 	 0,458 	 0,640 
User 309 	 10 	 1,060 	 1,208 
User 310 	 10 	 1,038 	 1,268 
User 311 	 10 	 0,800 	 0,955 
User 312 	 10 	 1,160 	 1,265 
User 313 	 10 	 0,800 	 1,095 
User 314 	 10 	 1,200 	 1,628 
User 315 	 10 	 0,932 	 1,326 
User 316 	 10 	 1,002 	 1,424 
User 317 	 10 	 0,738 	 0,974 
User 318 	 10 	 0,733 	 1,067 
User 319 	 10 	 0,685 	 0,872 
User 320 	 10 	 1,100 	 1,225 
User 321 	 10 	 0,800 	 1,000 
User 322 	 10 	 1,477 	 1,591 
User 323 	 10 	 0,922 	 1,267 
User 324 	 10 	 0,931 	 1,039 
User 325 	 10 	 1,000 	 1,202 
User 326 	 10 	 0,814 	 1,071 
User 327 	 10 	 0,900 	 1,122 
User 328 	 10 	 0,584 	 0,758 
User 329 	 10 	 0,543 	 0,863 
User 330 	 10 	 0,757 	 0,881 
User 332 	 10 	 1,040 	 1,131 
User 331 	 10 	 0,900 	 1,025 
User 334 	 10 	 0,927 	 1,271 
User 333 	 10 	 0,917 	 1,235 
User 336 	 10 	 0,900 	 1,304 
User 335 	 10 	 0,742 	 1,065 
User 337 	 10 	 0,852 	 1,034 
User 338 	 10 	 0,473 	 0,491 
User 341 	 10 	 0,944 	 1,190 
User 339 	 10 	 0,900 	 1,118 
User 340 	 10 	 0,719 	 0,870 
User 342 	 10 	 1,074 	 1,318 
User 343 	 10 	 0,800 	 0,938 
User 344 	 10 	 1,033 	 1,138 
User 345 	 10 	 0,633 	 0,738 
User 346 	 10 	 1,246 	 1,587 
User 347 	 10 	 1,020 	 1,225 
User 348 	 10 	 0,409 	 0,625 
User 350 	 10 	 0,335 	 0,557 
User 349 	 10 	 1,288 	 1,656 
User 351 	 10 	 0,802 	 1,138 
User 352 	 10 	 0,903 	 1,443 
User 353 	 10 	 1,239 	 1,327 
User 354 	 10 	 0,727 	 0,831 
User 355 	 10 	 0,108 	 0,108 
User 356 	 10 	 1,025 	 1,334 
User 357 	 10 	 0,627 	 0,696 
User 359 	 10 	 0,525 	 0,610 
User 358 	 10 	 1,000 	 1,352 
User 360 	 10 	 0,940 	 1,100 
User 361 	 10 	 1,000 	 1,414 
User 362 	 10 	 1,200 	 1,343 
User 363 	 10 	 1,033 	 1,188 
User 364 	 10 	 0,900 	 1,067 
User 365 	 10 	 1,050 	 1,230 
User 366 	 10 	 1,137 	 1,168 
User 367 	 10 	 0,546 	 0,733 
User 368 	 10 	 0,871 	 1,029 
User 369 	 10 	 1,036 	 1,110 
User 370 	 10 	 0,927 	 1,071 
User 371 	 10 	 1,014 	 1,212 
User 373 	 10 	 0,722 	 0,845 
User 372 	 10 	 0,781 	 0,863 
User 374 	 10 	 1,200 	 1,483 
User 376 	 10 	 0,751 	 0,861 
User 375 	 10 	 0,700 	 1,014 
User 377 	 10 	 0,786 	 1,003 
User 378 	 10 	 0,900 	 1,049 
User 379 	 10 	 1,167 	 1,269 
User 380 	 10 	 0,700 	 0,949 
User 381 	 10 	 1,280 	 1,356 
User 382 	 10 	 1,000 	 1,183 
User 383 	 10 	 0,860 	 1,100 
User 384 	 10 	 0,272 	 0,456 
User 385 	 10 	 0,711 	 0,946 
User 386 	 10 	 0,862 	 1,048 
User 387 	 10 	 0,700 	 1,140 
User 389 	 10 	 0,533 	 0,615 
User 388 	 10 	 0,973 	 1,091 
User 390 	 10 	 0,820 	 0,970 
User 391 	 10 	 1,009 	 1,265 
User 392 	 10 	 0,700 	 0,902 
User 393 	 10 	 1,471 	 1,629 
User 394 	 10 	 0,800 	 0,922 
User 395 	 10 	 0,967 	 1,038 
User 398 	 10 	 1,000 	 1,204 
User 397 	 10 	 0,979 	 1,284 
User 396 	 10 	 0,460 	 0,500 
User 399 	 10 	 2,000 	 2,049 
User 400 	 10 	 0,459 	 0,501 
User 401 	 10 	 1,033 	 1,327 
User 402 	 10 	 0,820 	 0,943 
User 403 	 10 	 0,991 	 1,155 
User 405 	 10 	 2,400 	 2,587 
User 404 	 10 	 0,900 	 1,170 
User 406 	 10 	 1,022 	 1,144 
User 407 	 10 	 0,500 	 0,837 
User 408 	 10 	 0,936 	 0,981 
User 409 	 10 	 1,550 	 1,862 
User 410 	 10 	 1,345 	 1,545 
User 411 	 10 	 0,700 	 0,806 
User 412 	 10 	 0,667 	 0,833 
User 413 	 10 	 0,803 	 1,179 
User 414 	 10 	 1,100 	 1,378 
User 415 	 10 	 0,900 	 1,221 
User 416 	 10 	 1,000 	 1,360 
User 417 	 10 	 0,760 	 0,894 
User 418 	 10 	 1,594 	 1,835 
User 419 	 10 	 0,862 	 0,991 
User 420 	 10 	 0,810 	 0,912 
User 421 	 10 	 0,718 	 0,859 
User 422 	 10 	 0,760 	 0,917 
User 423 	 10 	 0,587 	 0,710 
User 424 	 10 	 1,160 	 1,342 
User 425 	 10 	 1,100 	 1,250 
User 426 	 10 	 0,342 	 0,498 
User 427 	 10 	 1,035 	 1,113 
User 428 	 10 	 0,500 	 0,837 
User 429 	 10 	 0,900 	 1,006 
User 430 	 10 	 0,876 	 1,218 
User 431 	 10 	 0,600 	 0,766 
User 432 	 10 	 0,800 	 1,095 
User 433 	 10 	 1,100 	 1,338 
User 434 	 10 	 0,971 	 1,180 
User 435 	 10 	 0,967 	 1,072 
User 436 	 10 	 0,830 	 1,142 
User 437 	 10 	 0,712 	 0,946 
User 439 	 10 	 0,738 	 0,861 
User 438 	 10 	 1,056 	 1,168 
User 440 	 10 	 0,818 	 1,176 
User 441 	 10 	 0,900 	 1,140 
User 442 	 10 	 1,427 	 1,672 
User 443 	 10 	 1,013 	 1,196 
User 445 	 10 	 1,965 	 2,189 
User 444 	 10 	 0,633 	 0,880 
User 446 	 10 	 1,706 	 1,895 
User 447 	 10 	 0,667 	 0,872 
User 448 	 10 	 0,952 	 1,410 
User 449 	 10 	 0,667 	 0,850 
User 450 	 10 	 1,020 	 1,225 
User 451 	 10 	 1,497 	 1,913 
User 452 	 10 	 1,300 	 1,449 
User 453 	 10 	 0,954 	 1,263 
User 455 	 10 	 0,820 	 0,860 
User 454 	 10 	 0,727 	 0,866 
User 456 	 10 	 0,900 	 1,225 
User 457 	 10 	 0,750 	 0,889 
User 458 	 10 	 0,600 	 0,671 
User 459 	 10 	 0,700 	 0,946 
User 460 	 10 	 0,700 	 0,844 
User 461 	 10 	 1,304 	 1,498 
User 462 	 10 	 1,272 	 1,596 
User 463 	 10 	 1,320 	 1,612 
User 464 	 10 	 0,725 	 0,831 
User 465 	 10 	 0,600 	 0,775 
User 466 	 10 	 1,415 	 1,687 
User 467 	 10 	 1,000 	 1,183 
User 468 	 10 	 0,850 	 1,006 
User 469 	 10 	 0,423 	 0,566 
User 470 	 10 	 0,573 	 0,750 
User 471 	 10 	 1,400 	 1,693 
User 474 	 10 	 1,056 	 1,179 
User 473 	 10 	 0,729 	 0,914 
User 472 	 10 	 0,833 	 0,940 
User 475 	 10 	 0,829 	 1,097 
User 476 	 10 	 0,700 	 1,225 
User 477 	 10 	 0,500 	 0,645 
User 478 	 10 	 1,200 	 1,360 
User 479 	 10 	 0,853 	 1,229 
User 480 	 10 	 0,649 	 0,750 
User 481 	 10 	 0,858 	 1,219 
User 482 	 10 	 0,414 	 0,591 
User 483 	 10 	 0,880 	 1,000 
User 484 	 10 	 1,000 	 1,116 
User 485 	 10 	 0,989 	 1,236 
User 486 	 10 	 1,160 	 1,345 
User 487 	 10 	 0,767 	 0,901 
User 489 	 10 	 0,800 	 1,031 
User 488 	 10 	 0,633 	 0,738 
User 490 	 10 	 1,567 	 1,833 
User 491 	 10 	 0,600 	 0,768 
User 492 	 10 	 0,950 	 1,091 
User 493 	 10 	 0,950 	 1,068 
User 494 	 10 	 0,472 	 0,600 
User 495 	 10 	 0,950 	 1,101 
User 496 	 10 	 1,364 	 1,574 
User 497 	 10 	 1,600 	 1,766 
User 498 	 10 	 0,834 	 1,045 
User 499 	 10 	 1,213 	 1,397 
User 500 	 10 	 0,800 	 0,922 
User 501 	 10 	 0,458 	 0,602 
User 502 	 10 	 1,100 	 1,449 
User 503 	 10 	 1,343 	 1,468 
User 504 	 10 	 0,562 	 0,926 
User 505 	 10 	 1,200 	 1,590 
User 506 	 10 	 0,671 	 0,935 
User 507 	 10 	 0,956 	 0,957 
User 508 	 10 	 0,740 	 0,860 
User 509 	 10 	 2,030 	 2,228 
User 510 	 10 	 1,953 	 2,139 
User 511 	 10 	 1,087 	 1,369 
User 512 	 10 	 0,589 	 0,761 
User 513 	 10 	 0,608 	 0,765 
User 514 	 10 	 0,931 	 1,055 
User 516 	 10 	 0,558 	 0,727 
User 515 	 10 	 1,092 	 1,488 
User 517 	 10 	 1,100 	 1,295 
User 518 	 10 	 0,850 	 1,124 
User 519 	 10 	 1,266 	 1,396 
User 520 	 10 	 0,839 	 1,184 
User 521 	 10 	 0,820 	 1,086 
User 522 	 10 	 0,707 	 0,833 
User 524 	 10 	 1,539 	 1,675 
User 523 	 10 	 1,127 	 1,232 
User 525 	 10 	 0,700 	 0,984 
User 526 	 10 	 0,857 	 1,026 
User 527 	 10 	 0,772 	 0,984 
User 528 	 10 	 1,158 	 1,498 
User 529 	 10 	 0,552 	 0,993 
User 530 	 10 	 0,443 	 0,865 
User 532 	 10 	 0,700 	 0,782 
User 531 	 10 	 1,400 	 1,758 
User 533 	 10 	 1,100 	 1,346 
User 534 	 10 	 1,000 	 1,118 
User 535 	 10 	 1,000 	 1,183 
User 537 	 10 	 1,033 	 1,321 
User 536 	 10 	 0,900 	 1,140 
User 538 	 10 	 0,539 	 0,700 
User 539 	 10 	 0,800 	 0,894 
User 540 	 10 	 0,755 	 0,873 
User 541 	 10 	 0,800 	 0,922 
User 542 	 10 	 0,700 	 0,783 
User 543 	 10 	 0,400 	 0,632 
User 545 	 10 	 1,000 	 1,183 
User 544 	 10 	 1,347 	 1,620 
User 547 	 10 	 0,547 	 0,802 
User 548 	 10 	 0,700 	 0,806 
User 546 	 10 	 0,751 	 0,956 
User 549 	 10 	 0,700 	 0,786 
User 551 	 10 	 1,300 	 1,612 
User 550 	 10 	 1,200 	 1,367 
User 552 	 10 	 0,711 	 0,795 
User 553 	 10 	 0,900 	 1,025 
User 554 	 10 	 1,300 	 1,500 
User 555 	 10 	 0,509 	 0,704 
User 556 	 10 	 1,039 	 1,123 
User 557 	 10 	 0,738 	 1,081 
User 558 	 10 	 0,832 	 1,017 
User 559 	 10 	 0,911 	 1,284 
User 561 	 10 	 1,000 	 1,230 
User 560 	 10 	 1,143 	 1,408 
User 562 	 10 	 1,300 	 1,643 
User 563 	 10 	 0,659 	 0,907 
User 564 	 10 	 0,636 	 0,919 
User 565 	 10 	 0,890 	 0,937 
User 566 	 10 	 1,200 	 1,586 
User 567 	 10 	 1,133 	 1,282 
User 568 	 10 	 0,848 	 1,170 
User 569 	 10 	 0,991 	 1,300 
User 570 	 10 	 1,643 	 1,884 
User 571 	 10 	 0,501 	 0,701 
User 572 	 10 	 1,090 	 1,418 
User 573 	 10 	 0,412 	 0,701 
User 575 	 10 	 1,222 	 1,434 
User 574 	 10 	 1,021 	 1,444 
User 577 	 10 	 0,600 	 0,671 
User 576 	 10 	 0,800 	 0,922 
User 578 	 10 	 1,670 	 1,844 
User 579 	 10 	 0,537 	 0,728 
User 580 	 10 	 0,600 	 0,894 
User 581 	 10 	 1,011 	 1,193 
User 582 	 10 	 1,200 	 1,401 
User 583 	 10 	 0,529 	 0,831 
User 585 	 10 	 0,991 	 1,081 
User 584 	 10 	 0,900 	 1,329 
User 586 	 10 	 1,122 	 1,367 
User 587 	 10 	 1,676 	 1,962 
User 588 	 10 	 0,900 	 1,006 
User 589 	 10 	 1,510 	 1,835 
User 590 	 10 	 0,980 	 1,225 
User 591 	 10 	 0,716 	 0,877 
User 592 	 10 	 1,046 	 1,272 
User 593 	 10 	 0,800 	 0,929 
User 594 	 10 	 0,868 	 1,003 
User 595 	 10 	 0,959 	 1,147 
User 597 	 10 	 1,067 	 1,261 
User 596 	 10 	 0,741 	 1,074 
User 598 	 10 	 0,631 	 0,872 
User 599 	 10 	 0,700 	 0,806 
User 600 	 10 	 1,135 	 1,304 
User 601 	 10 	 1,560 	 1,929 
User 602 	 10 	 0,770 	 0,890 
User 603 	 10 	 1,016 	 1,354 
User 604 	 10 	 1,352 	 1,541 
User 605 	 10 	 1,033 	 1,149 
User 606 	 10 	 0,986 	 1,090 
User 607 	 10 	 0,371 	 0,740 
User 608 	 10 	 0,715 	 0,928 
User 609 	 10 	 1,616 	 1,746 
User 610 	 10 	 0,700 	 0,806 
User 611 	 10 	 0,940 	 1,221 
User 612 	 10 	 0,867 	 1,022 
User 613 	 10 	 0,607 	 0,766 
User 614 	 10 	 1,115 	 1,378 
User 615 	 10 	 1,029 	 1,435 
User 616 	 10 	 0,666 	 0,849 
User 617 	 10 	 1,917 	 2,190 
User 618 	 10 	 0,714 	 0,818 
User 619 	 10 	 1,508 	 1,885 
User 620 	 10 	 1,108 	 1,218 
User 621 	 10 	 0,900 	 1,118 
User 622 	 10 	 0,900 	 1,070 
User 623 	 10 	 0,922 	 1,044 
User 624 	 10 	 0,708 	 0,821 
User 625 	 10 	 0,914 	 0,994 
User 626 	 10 	 1,826 	 2,121 
User 627 	 10 	 1,262 	 1,541 
User 628 	 10 	 0,865 	 0,908 
User 629 	 10 	 0,534 	 0,653 
User 630 	 10 	 0,900 	 1,026 
User 631 	 10 	 0,700 	 1,140 
User 632 	 10 	 1,600 	 1,844 
User 633 	 10 	 1,092 	 1,413 
User 634 	 10 	 1,000 	 1,114 
User 635 	 10 	 1,082 	 1,190 
User 636 	 10 	 0,864 	 0,905 
User 637 	 10 	 1,180 	 1,364 
User 638 	 10 	 0,618 	 0,859 
User 639 	 10 	 0,649 	 0,800 
User 640 	 10 	 0,700 	 0,854 
User 641 	 10 	 0,351 	 0,539 
User 642 	 10 	 0,800 	 1,000 
User 643 	 10 	 0,700 	 0,949 
User 644 	 10 	 0,564 	 0,747 
User 645 	 10 	 0,928 	 1,229 
User 646 	 10 	 1,087 	 1,158 
User 647 	 10 	 0,476 	 0,661 
User 648 	 10 	 1,000 	 1,095 
User 649 	 10 	 0,800 	 1,095 
User 650 	 10 	 0,900 	 1,049 
User 651 	 10 	 1,200 	 1,452 
User 652 	 10 	 1,251 	 1,591 
User 653 	 10 	 1,500 	 1,746 
User 654 	 10 	 0,887 	 1,113 
User 655 	 10 	 0,800 	 0,922 
User 656 	 10 	 1,536 	 1,900 
User 657 	 10 	 0,479 	 0,818 
User 658 	 10 	 0,409 	 0,626 
User 659 	 10 	 0,573 	 0,831 
User 660 	 10 	 1,475 	 1,554 
User 661 	 10 	 0,620 	 0,735 
User 662 	 10 	 0,900 	 1,026 
User 663 	 10 	 0,360 	 0,490 
User 664 	 10 	 1,200 	 1,371 
User 665 	 10 	 0,600 	 0,792 
User 666 	 10 	 0,608 	 0,878 
User 667 	 10 	 1,213 	 1,406 
User 668 	 10 	 0,860 	 1,086 
User 669 	 10 	 1,050 	 1,383 
User 670 	 10 	 0,718 	 0,954 
User 671 	 10 	 1,022 	 1,203 
User 672 	 10 	 1,178 	 1,511 
User 673 	 10 	 0,307 	 0,538 
User 674 	 10 	 0,886 	 1,054 
User 675 	 10 	 0,800 	 1,180 
User 676 	 10 	 1,000 	 1,204 
User 677 	 10 	 1,040 	 1,541 
User 678 	 10 	 0,867 	 1,143 
User 679 	 10 	 0,820 	 0,949 
User 680 	 10 	 0,763 	 0,900 
User 681 	 10 	 1,138 	 1,506 
User 682 	 10 	 0,800 	 1,183 
User 683 	 10 	 1,491 	 1,698 
User 684 	 10 	 0,800 	 0,995 
User 685 	 10 	 1,839 	 1,995 
User 686 	 10 	 0,819 	 0,939 
User 687 	 10 	 0,600 	 0,894 
User 688 	 10 	 1,245 	 1,260 
User 689 	 10 	 0,900 	 1,007 
User 690 	 10 	 0,671 	 0,962 
User 691 	 10 	 0,645 	 0,872 
User 692 	 10 	 0,725 	 0,846 
User 693 	 10 	 0,691 	 0,818 
User 694 	 10 	 0,326 	 0,555 
User 695 	 10 	 1,041 	 1,341 
User 696 	 10 	 0,663 	 1,098 
User 697 	 10 	 1,200 	 1,360 
User 698 	 10 	 1,000 	 1,145 
User 699 	 10 	 1,386 	 1,616 
User 700 	 10 	 0,700 	 0,811 
User 701 	 10 	 0,970 	 1,083 
User 702 	 10 	 1,828 	 2,129 
User 703 	 10 	 0,655 	 0,810 
User 704 	 10 	 1,000 	 1,119 
User 705 	 10 	 0,950 	 1,146 
User 706 	 10 	 1,160 	 1,565 
User 707 	 10 	 1,095 	 1,498 
User 708 	 10 	 0,900 	 1,291 
User 709 	 10 	 1,050 	 1,289 
User 710 	 10 	 0,633 	 0,691 
User 711 	 10 	 0,600 	 0,707 
User 712 	 10 	 0,700 	 0,846 
User 713 	 10 	 0,856 	 0,934 
User 714 	 10 	 0,860 	 0,990 
User 715 	 10 	 0,800 	 1,095 
User 716 	 10 	 1,500 	 1,531 
User 717 	 10 	 0,830 	 0,914 
User 718 	 10 	 0,915 	 1,388 
User 719 	 10 	 1,039 	 1,217 
User 720 	 10 	 0,600 	 0,783 
User 721 	 10 	 0,575 	 0,600 
User 722 	 10 	 0,828 	 1,042 
User 723 	 10 	 0,913 	 1,151 
User 724 	 10 	 2,313 	 2,512 
User 725 	 10 	 0,936 	 1,354 
User 726 	 10 	 1,090 	 1,350 
User 727 	 10 	 1,700 	 1,910 
User 728 	 10 	 0,624 	 1,008 
User 729 	 10 	 1,286 	 1,621 
User 731 	 10 	 1,833 	 1,900 
User 730 	 10 	 0,446 	 0,518 
User 732 	 10 	 1,400 	 1,732 
User 733 	 10 	 0,960 	 1,149 
User 734 	 10 	 0,555 	 1,026 
User 735 	 10 	 0,447 	 0,800 
User 736 	 10 	 0,932 	 1,251 
User 737 	 10 	 0,668 	 0,793 
User 738 	 10 	 0,600 	 0,775 
User 739 	 10 	 1,048 	 1,344 
User 740 	 10 	 0,745 	 1,061 
User 741 	 10 	 1,314 	 1,619 
User 742 	 10 	 0,918 	 1,136 
User 743 	 10 	 1,018 	 1,171 
User 744 	 10 	 1,000 	 1,118 
User 745 	 10 	 1,000 	 1,233 
User 747 	 10 	 1,100 	 1,204 
User 746 	 10 	 0,600 	 0,693 
User 748 	 10 	 0,600 	 0,671 
User 749 	 10 	 0,735 	 0,981 
User 751 	 10 	 1,211 	 1,303 
User 750 	 10 	 0,310 	 0,700 
User 752 	 10 	 1,100 	 1,445 
User 753 	 10 	 1,045 	 1,457 
User 754 	 10 	 0,585 	 0,718 
User 755 	 10 	 1,000 	 1,265 
User 756 	 10 	 0,900 	 1,049 
User 757 	 10 	 0,700 	 0,949 
User 758 	 10 	 0,767 	 0,980 
User 759 	 10 	 0,769 	 0,949 
User 760 	 10 	 1,532 	 1,788 
User 761 	 10 	 1,100 	 1,275 
User 763 	 10 	 0,310 	 0,535 
User 762 	 10 	 1,334 	 1,578 
User 764 	 10 	 0,900 	 1,118 
User 765 	 10 	 1,000 	 1,183 
User 766 	 10 	 1,161 	 1,397 
User 767 	 10 	 0,633 	 0,782 
User 768 	 10 	 1,029 	 1,130 
User 769 	 10 	 1,100 	 1,285 
User 771 	 10 	 1,100 	 1,449 
User 770 	 10 	 0,447 	 0,516 
User 772 	 10 	 0,368 	 0,569 
User 775 	 10 	 0,495 	 0,683 
User 773 	 10 	 0,900 	 1,118 
User 774 	 10 	 2,252 	 2,384 
User 776 	 10 	 1,175 	 1,291 
User 777 	 10 	 1,116 	 1,595 
User 778 	 10 	 1,100 	 1,632 
User 779 	 10 	 0,533 	 0,615 
User 780 	 10 	 1,300 	 1,592 
User 781 	 10 	 0,900 	 1,136 
User 783 	 10 	 0,425 	 0,616 
User 782 	 10 	 1,454 	 1,710 
User 784 	 10 	 0,600 	 0,712 
User 785 	 10 	 0,627 	 0,906 
User 786 	 10 	 0,685 	 1,043 
User 787 	 10 	 0,648 	 0,807 
User 788 	 10 	 0,700 	 0,837 
User 789 	 10 	 1,111 	 1,293 
User 790 	 10 	 1,067 	 1,382 
User 791 	 10 	 0,918 	 1,120 
User 792 	 10 	 0,567 	 0,587 
User 793 	 10 	 0,675 	 0,769 
User 794 	 10 	 1,286 	 1,362 
User 795 	 10 	 0,900 	 1,049 
User 796 	 10 	 1,000 	 1,265 
User 797 	 10 	 1,739 	 1,982 
User 798 	 10 	 0,922 	 1,152 
User 799 	 10 	 0,700 	 0,833 
User 800 	 10 	 0,600 	 0,675 
User 801 	 10 	 0,932 	 1,066 
User 802 	 10 	 0,845 	 1,087 
User 803 	 10 	 1,600 	 1,949 
User 804 	 10 	 0,500 	 0,707 
User 805 	 10 	 0,733 	 0,843 
User 806 	 10 	 1,000 	 1,183 
User 808 	 10 	 0,932 	 1,230 
User 807 	 10 	 0,400 	 0,512 
User 809 	 10 	 1,113 	 1,366 
User 810 	 10 	 0,873 	 0,958 
User 811 	 10 	 0,900 	 1,046 
User 812 	 10 	 1,100 	 1,422 
User 813 	 10 	 1,851 	 2,114 
User 814 	 10 	 1,023 	 1,156 
User 815 	 10 	 0,950 	 1,055 
User 817 	 10 	 0,427 	 0,627 
User 816 	 10 	 0,838 	 1,117 
User 818 	 10 	 0,943 	 1,238 
User 819 	 10 	 0,721 	 0,940 
User 820 	 10 	 1,381 	 1,589 
User 821 	 10 	 1,179 	 1,262 
User 822 	 10 	 1,112 	 1,373 
User 823 	 10 	 1,100 	 1,321 
User 824 	 10 	 1,061 	 1,249 
User 825 	 10 	 1,337 	 1,554 
User 826 	 10 	 1,071 	 1,199 
User 827 	 10 	 0,795 	 0,918 
User 828 	 10 	 0,524 	 0,817 
User 829 	 10 	 1,138 	 1,284 
User 830 	 10 	 1,200 	 1,483 
User 831 	 10 	 0,755 	 1,078 
User 832 	 10 	 1,016 	 1,278 
User 833 	 10 	 1,514 	 1,940 
User 834 	 10 	 0,476 	 0,645 
User 835 	 10 	 0,700 	 0,790 
User 836 	 10 	 0,727 	 1,124 
User 837 	 10 	 0,800 	 1,109 
User 838 	 10 	 1,023 	 1,146 
User 839 	 10 	 0,785 	 1,046 
User 840 	 10 	 0,615 	 0,759 
User 841 	 10 	 0,819 	 1,155 
User 842 	 10 	 1,211 	 1,594 
User 843 	 10 	 0,800 	 0,919 
User 844 	 10 	 0,757 	 0,831 
User 845 	 10 	 0,800 	 1,085 
User 846 	 10 	 1,100 	 1,378 
User 847 	 10 	 1,250 	 1,537 
User 848 	 10 	 1,088 	 1,133 
User 850 	 10 	 0,921 	 1,221 
User 849 	 10 	 0,817 	 0,851 
User 851 	 10 	 1,108 	 1,446 
User 852 	 10 	 0,633 	 0,738 
User 853 	 10 	 1,068 	 1,405 
User 854 	 10 	 0,600 	 0,750 
User 855 	 10 	 0,728 	 0,863 
User 856 	 10 	 1,118 	 1,244 
User 857 	 10 	 1,300 	 1,712 
User 858 	 10 	 0,738 	 0,882 
User 859 	 10 	 0,670 	 0,918 
User 860 	 10 	 0,764 	 0,903 
User 861 	 10 	 0,639 	 0,801 
User 862 	 10 	 0,648 	 0,750 
User 863 	 10 	 0,839 	 1,207 
User 864 	 10 	 0,700 	 0,837 
User 865 	 10 	 1,700 	 1,857 
User 866 	 10 	 1,130 	 1,358 
User 867 	 10 	 1,000 	 1,118 
User 868 	 10 	 1,929 	 2,073 
User 869 	 10 	 1,458 	 1,789 
User 870 	 10 	 1,400 	 1,628 
User 871 	 10 	 1,018 	 1,112 
User 872 	 10 	 0,522 	 0,777 
User 873 	 10 	 1,269 	 1,498 
User 874 	 10 	 0,363 	 0,480 
User 875 	 10 	 0,716 	 0,850 
User 876 	 10 	 0,343 	 0,539 
User 877 	 10 	 0,607 	 0,891 
User 878 	 10 	 0,533 	 0,654 
User 879 	 10 	 0,586 	 0,741 
User 880 	 10 	 0,600 	 0,894 
User 881 	 10 	 0,800 	 1,000 
User 882 	 10 	 0,960 	 1,039 
User 883 	 10 	 0,700 	 0,806 
User 884 	 10 	 0,919 	 1,205 
User 885 	 10 	 0,614 	 0,895 
User 886 	 10 	 0,950 	 1,230 
User 887 	 10 	 1,251 	 1,615 
User 888 	 10 	 0,500 	 0,655 
User 889 	 10 	 0,543 	 0,731 
User 891 	 10 	 0,652 	 0,801 
User 890 	 10 	 0,800 	 0,901 
User 892 	 10 	 0,950 	 1,101 
User 893 	 10 	 0,789 	 0,891 
User 894 	 10 	 0,560 	 0,632 
User 895 	 10 	 1,000 	 1,141 
User 896 	 10 	 1,700 	 1,924 
User 897 	 10 	 0,802 	 0,845 
User 898 	 10 	 0,709 	 1,028 
User 899 	 10 	 0,900 	 1,225 
User 900 	 10 	 1,556 	 1,731 
User 901 	 10 	 0,633 	 0,792 
User 902 	 10 	 0,860 	 1,063 
User 903 	 10 	 0,867 	 0,989 
User 904 	 10 	 0,730 	 0,913 
User 905 	 10 	 0,862 	 1,226 
User 906 	 10 	 0,415 	 0,639 
User 907 	 10 	 1,322 	 1,386 
User 908 	 10 	 0,700 	 0,924 
User 910 	 10 	 0,300 	 0,707 
User 909 	 10 	 0,721 	 0,853 
User 911 	 10 	 0,721 	 0,945 
User 912 	 10 	 0,738 	 0,948 
User 913 	 10 	 1,600 	 1,673 
User 914 	 10 	 1,423 	 1,752 
User 915 	 10 	 1,080 	 1,200 
User 916 	 10 	 1,153 	 1,194 
User 918 	 10 	 0,900 	 1,125 
User 917 	 10 	 0,922 	 1,048 
User 919 	 10 	 0,620 	 0,678 
User 920 	 10 	 0,668 	 0,838 
User 921 	 10 	 1,184 	 1,457 
User 922 	 10 	 0,700 	 0,806 
User 923 	 10 	 0,438 	 0,636 
User 924 	 10 	 1,220 	 1,421 
User 925 	 10 	 0,506 	 0,820 
User 926 	 10 	 0,859 	 1,173 
User 927 	 10 	 1,100 	 1,204 
User 928 	 10 	 1,050 	 1,051 
User 929 	 10 	 1,043 	 1,210 
User 930 	 10 	 1,100 	 1,394 
User 931 	 10 	 0,732 	 0,869 
User 932 	 10 	 1,150 	 1,270 
User 933 	 10 	 1,100 	 1,250 
User 934 	 10 	 1,200 	 1,483 
User 935 	 10 	 0,790 	 0,873 
User 936 	 10 	 1,000 	 1,095 
User 937 	 10 	 0,630 	 1,106 
User 938 	 10 	 1,240 	 1,526 
User 939 	 10 	 0,751 	 0,956 
User 940 	 10 	 0,629 	 0,798 
User 941 	 10 	 0,909 	 1,018 
User 942 	 10 	 0,452 	 0,638 
User 943 	 10 	 0,802 	 1,195 
total mae = 0.9231947486826048
total rmse = 1.1833607773427608
