UB k=150
rows = 943 = 943
cols = 1682 = 1682
rating matrix : 943x1682
User 4 	 10 	 0,841 	 0,927 
User 3 	 10 	 1,257 	 1,522 
User 1 	 10 	 1,021 	 1,172 
User 7 	 10 	 1,083 	 1,121 
User 8 	 10 	 0,645 	 0,797 
User 6 	 10 	 0,948 	 1,075 
User 5 	 10 	 1,000 	 1,176 
User 2 	 10 	 0,999 	 1,188 
User 9 	 10 	 0,702 	 1,140 
User 12 	 10 	 0,698 	 0,833 
User 10 	 10 	 0,781 	 0,837 
User 11 	 10 	 1,000 	 1,375 
User 14 	 10 	 0,941 	 1,070 
User 15 	 10 	 0,965 	 1,155 
User 13 	 10 	 1,300 	 1,457 
User 16 	 10 	 1,043 	 1,200 
User 17 	 10 	 1,015 	 1,154 
User 19 	 10 	 0,605 	 0,884 
User 18 	 10 	 0,500 	 0,552 
User 20 	 10 	 1,200 	 1,612 
User 22 	 10 	 1,600 	 1,988 
User 23 	 10 	 0,800 	 0,924 
User 21 	 10 	 1,411 	 1,656 
User 24 	 10 	 0,665 	 0,820 
User 25 	 10 	 0,866 	 0,971 
User 27 	 10 	 0,946 	 1,032 
User 26 	 10 	 0,614 	 0,781 
User 29 	 10 	 0,375 	 0,539 
User 33 	 10 	 0,411 	 0,600 
User 31 	 10 	 0,706 	 0,950 
User 28 	 10 	 0,629 	 0,896 
User 30 	 10 	 0,624 	 0,895 
User 34 	 10 	 1,485 	 1,661 
User 35 	 10 	 0,977 	 1,336 
User 32 	 10 	 1,285 	 1,561 
User 36 	 10 	 0,838 	 1,004 
User 39 	 10 	 0,934 	 1,108 
User 37 	 10 	 0,521 	 0,719 
User 38 	 10 	 1,476 	 1,610 
User 40 	 10 	 1,087 	 1,469 
User 41 	 10 	 0,517 	 0,926 
User 42 	 10 	 0,872 	 0,951 
User 43 	 10 	 1,240 	 1,311 
User 44 	 10 	 1,312 	 1,408 
User 45 	 10 	 0,509 	 0,704 
User 47 	 10 	 0,588 	 0,853 
User 46 	 10 	 0,636 	 0,879 
User 48 	 10 	 0,822 	 1,087 
User 50 	 10 	 0,980 	 1,159 
User 51 	 10 	 0,904 	 1,051 
User 49 	 10 	 1,271 	 1,488 
User 53 	 10 	 0,415 	 0,775 
User 52 	 10 	 0,823 	 1,012 
User 55 	 10 	 0,803 	 1,000 
User 54 	 10 	 1,177 	 1,281 
User 56 	 10 	 1,141 	 1,317 
User 61 	 10 	 1,371 	 1,644 
User 57 	 10 	 0,960 	 1,237 
User 58 	 10 	 1,142 	 1,237 
User 59 	 10 	 0,886 	 1,013 
User 60 	 10 	 0,365 	 0,568 
User 62 	 10 	 1,140 	 1,268 
User 63 	 10 	 0,749 	 1,006 
User 66 	 10 	 0,920 	 1,114 
User 67 	 10 	 0,629 	 0,726 
User 65 	 10 	 1,159 	 1,299 
User 64 	 10 	 0,800 	 0,957 
User 68 	 10 	 1,417 	 1,762 
User 70 	 10 	 0,733 	 0,843 
User 69 	 10 	 1,016 	 1,098 
User 71 	 10 	 1,013 	 1,324 
User 74 	 10 	 0,769 	 0,844 
User 73 	 10 	 1,030 	 1,134 
User 72 	 10 	 1,016 	 1,110 
User 75 	 10 	 0,859 	 0,988 
User 78 	 10 	 1,079 	 1,328 
User 76 	 10 	 0,984 	 1,069 
User 77 	 10 	 1,033 	 1,188 
User 79 	 10 	 1,215 	 1,328 
User 80 	 10 	 1,195 	 1,404 
User 81 	 10 	 1,011 	 1,278 
User 82 	 10 	 0,757 	 0,962 
User 86 	 10 	 1,000 	 1,306 
User 83 	 10 	 1,085 	 1,316 
User 84 	 10 	 0,824 	 0,927 
User 88 	 10 	 0,850 	 0,929 
User 85 	 10 	 0,614 	 0,865 
User 87 	 10 	 1,000 	 1,167 
User 93 	 10 	 1,437 	 1,765 
User 89 	 10 	 1,228 	 1,408 
User 90 	 10 	 0,764 	 0,887 
User 91 	 10 	 1,018 	 1,259 
User 92 	 10 	 1,200 	 1,381 
User 95 	 10 	 1,137 	 1,439 
User 94 	 10 	 0,800 	 0,926 
User 96 	 10 	 1,100 	 1,232 
User 97 	 10 	 1,073 	 1,201 
User 98 	 10 	 1,400 	 1,565 
User 100 	 10 	 0,761 	 0,832 
User 101 	 10 	 0,971 	 1,084 
User 99 	 10 	 1,130 	 1,248 
User 103 	 10 	 0,891 	 1,274 
User 105 	 10 	 1,171 	 1,337 
User 102 	 10 	 0,575 	 0,755 
User 104 	 10 	 1,567 	 1,857 
User 106 	 10 	 0,726 	 0,840 
User 107 	 10 	 1,544 	 1,774 
User 108 	 10 	 1,130 	 1,251 
User 111 	 10 	 0,834 	 1,045 
User 109 	 10 	 1,024 	 1,210 
User 110 	 10 	 0,900 	 1,140 
User 112 	 10 	 1,030 	 1,429 
User 114 	 10 	 0,936 	 1,079 
User 113 	 10 	 1,082 	 1,322 
User 115 	 10 	 1,040 	 1,343 
User 118 	 10 	 0,936 	 0,982 
User 116 	 10 	 0,864 	 0,991 
User 117 	 10 	 0,638 	 0,793 
User 120 	 10 	 0,614 	 0,866 
User 119 	 10 	 0,814 	 0,897 
User 122 	 10 	 0,812 	 1,002 
User 121 	 10 	 1,460 	 1,603 
User 124 	 10 	 0,768 	 0,935 
User 123 	 10 	 1,300 	 1,430 
User 126 	 10 	 1,100 	 1,332 
User 127 	 10 	 1,154 	 1,317 
User 125 	 10 	 1,028 	 1,319 
User 129 	 10 	 1,698 	 1,920 
User 128 	 10 	 0,858 	 1,008 
User 130 	 10 	 0,867 	 1,085 
User 131 	 10 	 1,544 	 1,636 
User 132 	 10 	 0,514 	 0,681 
User 133 	 10 	 0,770 	 0,941 
User 134 	 10 	 1,132 	 1,276 
User 135 	 10 	 0,700 	 1,024 
User 136 	 10 	 0,794 	 0,912 
User 140 	 10 	 0,789 	 0,968 
User 138 	 10 	 1,221 	 1,331 
User 139 	 10 	 0,764 	 0,945 
User 137 	 10 	 1,331 	 1,454 
User 143 	 10 	 0,822 	 1,061 
User 141 	 10 	 0,720 	 0,917 
User 147 	 10 	 0,786 	 0,898 
User 142 	 10 	 1,001 	 1,183 
User 146 	 10 	 0,878 	 1,019 
User 144 	 10 	 0,900 	 1,044 
User 145 	 10 	 1,365 	 1,488 
User 148 	 10 	 1,219 	 1,330 
User 149 	 10 	 1,454 	 1,677 
User 150 	 10 	 1,081 	 1,187 
User 153 	 10 	 1,707 	 1,992 
User 151 	 10 	 1,427 	 1,546 
User 152 	 10 	 1,120 	 1,156 
User 155 	 10 	 1,512 	 1,594 
User 154 	 10 	 0,923 	 0,968 
User 156 	 10 	 0,702 	 0,946 
User 157 	 10 	 1,019 	 1,171 
User 158 	 10 	 0,272 	 0,484 
User 163 	 10 	 1,126 	 1,469 
User 162 	 10 	 0,701 	 0,816 
User 160 	 10 	 1,049 	 1,268 
User 161 	 10 	 1,440 	 1,525 
User 159 	 10 	 0,600 	 0,894 
User 164 	 10 	 0,938 	 1,072 
User 165 	 10 	 0,605 	 0,768 
User 166 	 10 	 1,269 	 1,520 
User 170 	 10 	 0,837 	 0,926 
User 171 	 10 	 0,600 	 0,749 
User 172 	 10 	 1,107 	 1,196 
User 169 	 10 	 0,716 	 0,842 
User 167 	 10 	 1,105 	 1,571 
User 168 	 10 	 1,271 	 1,458 
User 173 	 10 	 0,465 	 0,642 
User 175 	 10 	 0,802 	 1,000 
User 179 	 10 	 1,338 	 1,629 
User 174 	 10 	 1,363 	 1,570 
User 180 	 10 	 1,117 	 1,312 
User 178 	 10 	 0,712 	 0,956 
User 177 	 10 	 0,981 	 1,138 
User 176 	 10 	 0,288 	 0,493 
User 181 	 10 	 1,704 	 1,835 
User 183 	 10 	 0,809 	 1,101 
User 184 	 10 	 0,938 	 1,096 
User 187 	 10 	 1,002 	 1,343 
User 185 	 10 	 0,561 	 0,743 
User 182 	 10 	 0,824 	 0,955 
User 186 	 10 	 1,296 	 1,632 
User 188 	 10 	 0,722 	 1,034 
User 191 	 10 	 0,759 	 0,892 
User 192 	 10 	 0,824 	 1,058 
User 189 	 10 	 0,900 	 1,214 
User 190 	 10 	 0,600 	 0,848 
User 196 	 10 	 0,813 	 0,989 
User 193 	 10 	 1,018 	 1,317 
User 195 	 10 	 0,820 	 1,063 
User 194 	 10 	 0,770 	 0,976 
User 197 	 10 	 0,992 	 1,246 
User 202 	 10 	 1,293 	 1,791 
User 199 	 10 	 1,348 	 1,551 
User 198 	 10 	 0,560 	 0,640 
User 200 	 10 	 1,075 	 1,190 
User 201 	 10 	 0,634 	 0,914 
User 205 	 10 	 1,395 	 1,667 
User 206 	 10 	 1,526 	 1,849 
User 203 	 10 	 0,608 	 0,766 
User 209 	 10 	 1,100 	 1,334 
User 208 	 10 	 0,749 	 1,075 
User 204 	 10 	 1,223 	 1,456 
User 210 	 10 	 0,904 	 1,043 
User 207 	 10 	 0,780 	 1,024 
User 212 	 10 	 0,802 	 1,000 
User 211 	 10 	 1,171 	 1,445 
User 213 	 10 	 1,063 	 1,305 
User 215 	 10 	 0,892 	 1,116 
User 216 	 10 	 1,000 	 1,254 
User 214 	 10 	 0,764 	 0,977 
User 219 	 10 	 1,295 	 1,583 
User 218 	 10 	 0,600 	 0,769 
User 217 	 10 	 1,416 	 1,804 
User 220 	 10 	 0,516 	 0,678 
User 221 	 10 	 0,900 	 0,946 
User 225 	 10 	 0,887 	 1,034 
User 226 	 10 	 0,516 	 0,703 
User 222 	 10 	 1,035 	 1,300 
User 223 	 10 	 0,812 	 1,256 
User 227 	 10 	 0,719 	 0,923 
User 224 	 10 	 1,786 	 2,082 
User 228 	 10 	 1,590 	 1,822 
User 229 	 10 	 0,970 	 1,116 
User 231 	 10 	 0,700 	 0,828 
User 230 	 10 	 1,226 	 1,385 
User 232 	 10 	 0,673 	 0,770 
User 233 	 10 	 0,826 	 0,917 
User 235 	 10 	 0,778 	 0,881 
User 234 	 10 	 0,526 	 0,667 
User 236 	 10 	 0,700 	 0,905 
User 237 	 10 	 0,562 	 0,743 
User 238 	 10 	 0,700 	 0,831 
No estimation
User 242 	 10 	 4,300 	 4,370 
User 240 	 10 	 1,300 	 1,657 
User 239 	 10 	 0,942 	 0,987 
User 241 	 10 	 0,958 	 1,115 
User 245 	 10 	 0,900 	 1,279 
User 243 	 10 	 0,827 	 0,946 
User 244 	 10 	 0,841 	 0,987 
User 246 	 10 	 0,846 	 1,077 
User 247 	 10 	 0,852 	 0,972 
User 248 	 10 	 1,020 	 1,170 
User 249 	 10 	 1,343 	 1,480 
User 252 	 10 	 0,705 	 0,840 
User 250 	 10 	 1,086 	 1,238 
User 251 	 10 	 1,331 	 1,427 
User 253 	 10 	 0,962 	 1,084 
User 254 	 10 	 1,196 	 1,472 
User 258 	 10 	 1,108 	 1,296 
User 260 	 10 	 0,841 	 0,946 
User 255 	 10 	 1,594 	 1,982 
User 256 	 10 	 1,374 	 1,443 
User 257 	 10 	 0,916 	 1,044 
User 259 	 10 	 0,719 	 0,956 
User 261 	 10 	 0,913 	 0,957 
User 266 	 10 	 1,296 	 1,631 
User 262 	 10 	 0,627 	 0,733 
User 264 	 10 	 1,044 	 1,121 
User 263 	 10 	 0,900 	 1,051 
User 265 	 10 	 0,944 	 1,072 
User 267 	 10 	 0,710 	 0,832 
User 268 	 10 	 0,931 	 1,141 
User 269 	 10 	 1,565 	 1,930 
User 273 	 10 	 1,043 	 1,230 
User 272 	 10 	 0,889 	 1,035 
User 270 	 10 	 0,723 	 0,854 
User 271 	 10 	 0,983 	 1,142 
User 274 	 10 	 0,923 	 1,042 
User 275 	 10 	 0,568 	 0,642 
User 278 	 10 	 0,731 	 0,850 
User 277 	 10 	 0,823 	 0,932 
User 276 	 10 	 0,789 	 0,929 
User 281 	 10 	 1,266 	 1,534 
User 282 	 10 	 0,700 	 0,918 
User 279 	 10 	 1,073 	 1,315 
User 280 	 10 	 1,011 	 1,245 
User 283 	 10 	 0,888 	 1,033 
User 284 	 10 	 0,450 	 0,605 
User 285 	 10 	 0,350 	 0,562 
User 286 	 10 	 1,079 	 1,216 
User 289 	 10 	 1,220 	 1,405 
User 287 	 10 	 1,424 	 1,505 
User 290 	 10 	 0,835 	 0,973 
User 288 	 10 	 0,491 	 0,694 
User 291 	 10 	 0,825 	 0,950 
User 292 	 10 	 1,488 	 1,629 
User 293 	 10 	 1,120 	 1,315 
User 295 	 10 	 1,189 	 1,290 
User 294 	 10 	 0,800 	 0,927 
User 296 	 10 	 1,426 	 1,498 
User 297 	 10 	 0,651 	 0,785 
User 298 	 10 	 0,767 	 0,838 
User 300 	 10 	 0,832 	 1,283 
User 299 	 10 	 1,065 	 1,198 
User 302 	 10 	 1,354 	 1,622 
User 301 	 10 	 1,024 	 1,146 
User 304 	 10 	 0,993 	 1,248 
User 306 	 10 	 0,619 	 0,776 
User 303 	 10 	 0,963 	 1,353 
User 309 	 10 	 0,700 	 0,949 
User 305 	 10 	 1,477 	 1,619 
User 307 	 10 	 1,024 	 1,150 
User 308 	 10 	 0,579 	 0,606 
User 310 	 10 	 1,222 	 1,524 
User 312 	 10 	 0,907 	 1,090 
User 311 	 10 	 1,037 	 1,228 
User 317 	 10 	 0,562 	 0,868 
User 314 	 10 	 0,928 	 1,114 
User 313 	 10 	 0,978 	 1,080 
User 315 	 10 	 0,757 	 0,881 
User 316 	 10 	 1,111 	 1,431 
User 319 	 10 	 0,773 	 0,948 
User 318 	 10 	 1,000 	 1,231 
User 320 	 10 	 0,779 	 1,018 
User 322 	 10 	 0,912 	 1,126 
User 321 	 10 	 0,611 	 0,889 
User 323 	 10 	 0,546 	 0,722 
User 324 	 10 	 1,366 	 1,477 
User 325 	 10 	 1,267 	 1,448 
User 326 	 10 	 0,900 	 1,070 
User 327 	 10 	 0,679 	 0,779 
User 330 	 10 	 1,330 	 1,426 
User 328 	 10 	 0,986 	 1,149 
User 329 	 10 	 0,621 	 0,884 
User 331 	 10 	 0,700 	 0,829 
User 333 	 10 	 0,433 	 0,647 
User 332 	 10 	 1,060 	 1,218 
User 335 	 10 	 1,200 	 1,471 
User 337 	 10 	 0,923 	 1,060 
User 334 	 10 	 0,800 	 0,978 
User 341 	 10 	 0,845 	 1,029 
User 338 	 10 	 1,181 	 1,361 
User 336 	 10 	 0,876 	 1,078 
User 339 	 10 	 1,039 	 1,169 
User 340 	 10 	 1,057 	 1,236 
User 343 	 10 	 1,345 	 1,448 
User 342 	 10 	 1,013 	 1,388 
User 345 	 10 	 1,100 	 1,221 
User 344 	 10 	 0,793 	 0,893 
User 346 	 10 	 1,282 	 1,495 
User 349 	 10 	 0,900 	 1,111 
User 348 	 10 	 0,631 	 0,654 
User 347 	 10 	 1,464 	 1,622 
No estimation
User 355 	 10 	 4,000 	 4,050 
User 350 	 10 	 1,437 	 1,491 
User 352 	 10 	 0,800 	 0,999 
User 351 	 10 	 0,951 	 0,997 
User 353 	 10 	 0,748 	 1,243 
User 356 	 10 	 0,500 	 0,640 
User 357 	 10 	 1,168 	 1,276 
User 354 	 10 	 0,355 	 0,539 
User 358 	 10 	 1,107 	 1,385 
User 359 	 10 	 0,711 	 0,840 
User 362 	 10 	 1,315 	 1,621 
User 360 	 10 	 0,817 	 0,940 
User 364 	 10 	 0,805 	 1,254 
User 361 	 10 	 0,625 	 0,777 
User 363 	 10 	 1,300 	 1,449 
User 366 	 10 	 0,891 	 1,039 
User 365 	 10 	 0,965 	 1,188 
User 367 	 10 	 0,434 	 0,647 
User 369 	 10 	 0,514 	 0,711 
User 368 	 10 	 0,831 	 1,012 
User 371 	 10 	 1,091 	 1,211 
User 370 	 10 	 0,719 	 1,218 
User 372 	 10 	 0,731 	 0,857 
User 375 	 10 	 0,605 	 0,775 
User 373 	 10 	 0,715 	 0,945 
User 374 	 10 	 1,200 	 1,330 
User 376 	 10 	 0,307 	 0,546 
User 377 	 10 	 0,611 	 0,762 
User 379 	 10 	 0,893 	 1,034 
User 378 	 10 	 0,776 	 1,013 
User 384 	 10 	 0,535 	 0,727 
User 381 	 10 	 0,900 	 1,141 
User 380 	 10 	 0,807 	 1,121 
User 383 	 10 	 0,944 	 1,076 
User 382 	 10 	 0,899 	 1,046 
User 386 	 10 	 0,500 	 0,707 
User 385 	 10 	 1,178 	 1,481 
User 390 	 10 	 0,817 	 1,006 
User 387 	 10 	 1,073 	 1,325 
User 388 	 10 	 0,912 	 1,053 
User 389 	 10 	 0,854 	 1,028 
User 391 	 10 	 0,820 	 1,063 
User 392 	 10 	 1,000 	 1,156 
User 394 	 10 	 0,750 	 0,875 
User 393 	 10 	 0,800 	 0,882 
User 396 	 10 	 0,718 	 0,962 
User 397 	 10 	 1,671 	 1,928 
User 395 	 10 	 1,138 	 1,257 
User 400 	 10 	 0,800 	 1,082 
User 398 	 10 	 1,259 	 1,443 
User 399 	 10 	 0,580 	 0,860 
User 402 	 10 	 1,287 	 1,454 
User 403 	 10 	 1,300 	 1,455 
User 401 	 10 	 0,600 	 0,722 
User 405 	 10 	 2,180 	 2,412 
User 404 	 10 	 1,090 	 1,488 
User 406 	 10 	 0,902 	 1,034 
User 408 	 10 	 1,048 	 1,329 
User 407 	 10 	 0,718 	 0,924 
User 410 	 10 	 1,076 	 1,378 
User 411 	 10 	 0,813 	 0,952 
User 412 	 10 	 0,883 	 0,988 
User 409 	 10 	 0,841 	 1,236 
User 415 	 10 	 0,607 	 0,887 
User 414 	 10 	 0,728 	 0,914 
User 413 	 10 	 0,811 	 1,076 
User 416 	 10 	 1,223 	 1,411 
User 418 	 10 	 1,596 	 1,833 
User 417 	 10 	 0,830 	 0,934 
User 420 	 10 	 0,562 	 0,729 
User 419 	 10 	 1,202 	 1,337 
User 421 	 10 	 1,010 	 1,176 
User 422 	 10 	 1,013 	 1,246 
User 423 	 10 	 0,970 	 1,286 
User 424 	 10 	 1,193 	 1,375 
User 427 	 10 	 1,214 	 1,233 
User 426 	 10 	 0,900 	 1,129 
User 425 	 10 	 1,300 	 1,431 
User 428 	 10 	 0,680 	 1,079 
User 431 	 10 	 0,873 	 1,006 
User 429 	 10 	 0,669 	 0,790 
User 430 	 10 	 0,611 	 0,889 
User 434 	 10 	 1,100 	 1,299 
User 432 	 10 	 1,148 	 1,308 
User 433 	 10 	 1,282 	 1,478 
User 436 	 10 	 0,928 	 1,058 
User 435 	 10 	 0,750 	 1,006 
User 437 	 10 	 1,000 	 1,321 
User 439 	 10 	 0,625 	 0,883 
User 438 	 10 	 1,092 	 1,182 
User 441 	 10 	 0,561 	 0,579 
User 440 	 10 	 1,362 	 1,468 
User 443 	 10 	 1,334 	 1,600 
User 442 	 10 	 0,995 	 1,175 
User 444 	 10 	 0,940 	 1,221 
User 445 	 10 	 1,354 	 1,524 
User 446 	 10 	 1,055 	 1,229 
User 447 	 10 	 0,887 	 1,014 
User 448 	 10 	 1,000 	 1,306 
User 449 	 10 	 1,036 	 1,348 
User 451 	 10 	 1,489 	 1,785 
User 450 	 10 	 0,956 	 1,090 
User 452 	 10 	 1,884 	 2,081 
User 453 	 10 	 0,980 	 1,135 
User 454 	 10 	 0,700 	 0,782 
User 455 	 10 	 0,683 	 0,788 
User 456 	 10 	 0,700 	 0,781 
User 457 	 10 	 1,177 	 1,282 
User 461 	 10 	 0,800 	 1,037 
User 460 	 10 	 0,754 	 0,941 
User 458 	 10 	 0,743 	 1,009 
User 459 	 10 	 0,610 	 0,723 
User 462 	 10 	 1,042 	 1,123 
User 463 	 10 	 1,365 	 1,590 
User 464 	 10 	 0,629 	 0,881 
User 465 	 10 	 0,829 	 1,067 
User 469 	 10 	 0,676 	 0,787 
User 467 	 10 	 1,139 	 1,294 
User 466 	 10 	 0,816 	 1,158 
User 468 	 10 	 0,994 	 1,178 
User 471 	 10 	 1,100 	 1,297 
User 470 	 10 	 0,568 	 0,642 
User 473 	 10 	 0,916 	 1,122 
User 475 	 10 	 1,200 	 1,583 
User 472 	 10 	 0,716 	 0,817 
User 477 	 10 	 0,405 	 0,616 
User 476 	 10 	 0,900 	 1,367 
User 474 	 10 	 0,779 	 1,153 
User 478 	 10 	 0,700 	 0,835 
User 479 	 10 	 1,061 	 1,347 
User 481 	 10 	 0,930 	 1,221 
User 480 	 10 	 0,719 	 0,945 
User 482 	 10 	 0,600 	 0,832 
User 483 	 10 	 0,722 	 0,862 
User 484 	 10 	 1,511 	 1,591 
User 485 	 10 	 1,200 	 1,376 
User 489 	 10 	 0,934 	 1,066 
User 490 	 10 	 1,162 	 1,413 
User 491 	 10 	 0,613 	 0,760 
User 487 	 10 	 1,032 	 1,215 
User 488 	 10 	 0,757 	 0,900 
User 486 	 10 	 0,582 	 0,702 
User 492 	 10 	 0,516 	 0,711 
User 493 	 10 	 1,255 	 1,441 
User 496 	 10 	 1,464 	 1,595 
User 495 	 10 	 1,280 	 1,400 
User 494 	 10 	 1,543 	 1,629 
User 498 	 10 	 1,069 	 1,392 
User 499 	 10 	 0,701 	 0,837 
User 497 	 10 	 0,588 	 0,657 
User 500 	 10 	 0,700 	 0,782 
User 501 	 10 	 0,319 	 0,543 
User 502 	 10 	 0,989 	 1,244 
User 503 	 10 	 1,031 	 1,242 
User 504 	 10 	 0,613 	 0,868 
User 505 	 10 	 0,424 	 0,458 
User 507 	 10 	 0,885 	 0,931 
User 506 	 10 	 1,193 	 1,527 
User 508 	 10 	 0,777 	 0,904 
User 509 	 10 	 1,486 	 1,822 
User 510 	 10 	 1,227 	 1,416 
User 511 	 10 	 0,518 	 0,712 
User 512 	 10 	 1,264 	 1,353 
User 513 	 10 	 0,596 	 0,758 
User 515 	 10 	 0,777 	 1,015 
User 516 	 10 	 0,607 	 0,775 
User 514 	 10 	 0,623 	 0,883 
User 519 	 10 	 1,293 	 1,444 
User 520 	 10 	 1,014 	 1,278 
User 518 	 10 	 0,769 	 0,935 
User 517 	 10 	 1,007 	 1,331 
User 522 	 10 	 0,590 	 0,736 
User 521 	 10 	 0,569 	 0,858 
User 523 	 10 	 1,142 	 1,243 
User 524 	 10 	 0,700 	 1,108 
User 525 	 10 	 0,969 	 1,188 
User 527 	 10 	 0,439 	 0,636 
User 526 	 10 	 1,586 	 1,758 
User 528 	 10 	 0,836 	 1,014 
User 529 	 10 	 0,243 	 0,420 
User 530 	 10 	 0,809 	 0,896 
User 531 	 10 	 1,431 	 1,782 
User 535 	 10 	 0,568 	 0,589 
User 536 	 10 	 1,041 	 1,207 
User 532 	 10 	 1,188 	 1,293 
User 533 	 10 	 0,837 	 1,041 
User 534 	 10 	 1,061 	 1,180 
User 539 	 10 	 0,528 	 0,715 
User 538 	 10 	 0,821 	 1,001 
User 537 	 10 	 1,100 	 1,315 
User 544 	 10 	 1,506 	 1,638 
User 540 	 10 	 0,456 	 0,504 
User 543 	 10 	 0,885 	 1,095 
User 541 	 10 	 0,507 	 0,693 
User 542 	 10 	 0,872 	 0,958 
User 547 	 10 	 1,003 	 1,337 
User 546 	 10 	 0,830 	 1,184 
User 545 	 10 	 0,571 	 0,686 
User 549 	 10 	 0,530 	 0,700 
User 550 	 10 	 1,225 	 1,336 
User 548 	 10 	 0,858 	 1,119 
User 553 	 10 	 1,073 	 1,208 
User 552 	 10 	 0,387 	 0,396 
User 551 	 10 	 1,200 	 1,387 
User 555 	 10 	 0,523 	 0,701 
User 554 	 10 	 0,571 	 0,686 
No estimation
User 558 	 10 	 4,000 	 4,050 
User 556 	 10 	 0,827 	 1,014 
User 557 	 10 	 1,096 	 1,372 
User 559 	 10 	 0,539 	 1,032 
User 560 	 10 	 0,700 	 0,936 
User 563 	 10 	 0,721 	 1,204 
User 562 	 10 	 1,303 	 1,465 
User 565 	 10 	 0,700 	 0,837 
User 561 	 10 	 0,700 	 0,900 
User 564 	 10 	 0,340 	 0,500 
User 570 	 10 	 1,409 	 1,693 
User 571 	 10 	 0,703 	 1,132 
User 567 	 10 	 0,820 	 0,985 
User 566 	 10 	 0,527 	 0,815 
User 572 	 10 	 0,808 	 1,246 
User 568 	 10 	 1,547 	 1,810 
User 569 	 10 	 0,618 	 0,677 
User 573 	 10 	 0,600 	 0,856 
User 578 	 10 	 1,279 	 1,546 
User 575 	 10 	 1,744 	 2,024 
User 576 	 10 	 0,600 	 0,710 
User 574 	 10 	 1,033 	 1,302 
User 577 	 10 	 0,600 	 0,664 
User 581 	 10 	 0,813 	 0,897 
User 580 	 10 	 1,200 	 1,378 
User 579 	 10 	 0,749 	 0,927 
User 584 	 10 	 0,511 	 0,827 
User 583 	 10 	 0,803 	 0,924 
User 585 	 10 	 0,837 	 1,082 
User 582 	 10 	 0,700 	 0,886 
User 586 	 10 	 0,788 	 0,976 
User 587 	 10 	 0,880 	 1,081 
User 589 	 10 	 1,200 	 1,384 
User 588 	 10 	 0,965 	 1,099 
User 590 	 10 	 1,269 	 1,592 
User 591 	 10 	 0,686 	 0,898 
User 592 	 10 	 1,350 	 1,504 
User 594 	 10 	 0,520 	 0,721 
User 593 	 10 	 1,100 	 1,260 
User 596 	 10 	 0,700 	 0,801 
User 595 	 10 	 0,990 	 1,378 
User 598 	 10 	 1,111 	 1,236 
User 597 	 10 	 1,090 	 1,243 
User 599 	 10 	 1,143 	 1,262 
User 600 	 10 	 0,800 	 1,000 
User 604 	 10 	 0,816 	 0,987 
User 601 	 10 	 0,815 	 1,232 
User 602 	 10 	 0,408 	 0,779 
User 603 	 10 	 0,625 	 0,902 
User 605 	 10 	 1,150 	 1,328 
User 607 	 10 	 0,407 	 0,635 
User 606 	 10 	 0,943 	 1,144 
User 609 	 10 	 1,938 	 1,979 
User 611 	 10 	 1,039 	 1,297 
User 608 	 10 	 0,800 	 0,880 
User 610 	 10 	 1,022 	 1,269 
User 612 	 10 	 0,523 	 0,818 
User 613 	 10 	 1,086 	 1,224 
User 614 	 10 	 0,713 	 0,869 
User 615 	 10 	 0,818 	 1,157 
User 616 	 10 	 0,660 	 0,812 
User 617 	 10 	 1,078 	 1,455 
User 619 	 10 	 1,096 	 1,368 
User 618 	 10 	 0,800 	 0,980 
User 620 	 10 	 0,940 	 1,100 
User 623 	 10 	 0,811 	 1,000 
User 622 	 10 	 0,900 	 1,119 
User 621 	 10 	 0,979 	 1,226 
User 624 	 10 	 0,673 	 0,750 
User 625 	 10 	 0,608 	 0,876 
User 626 	 10 	 1,477 	 1,807 
User 627 	 10 	 1,172 	 1,495 
User 631 	 10 	 1,033 	 1,249 
User 628 	 10 	 0,983 	 0,983 
User 630 	 10 	 1,048 	 1,288 
User 629 	 10 	 0,823 	 1,248 
User 632 	 10 	 1,171 	 1,410 
User 636 	 10 	 1,260 	 1,415 
User 634 	 10 	 0,820 	 1,132 
User 633 	 10 	 0,788 	 0,877 
User 635 	 10 	 0,952 	 1,105 
User 637 	 10 	 1,045 	 1,227 
User 638 	 10 	 0,804 	 0,997 
User 639 	 10 	 1,264 	 1,520 
User 641 	 10 	 0,809 	 0,992 
User 640 	 10 	 0,626 	 0,777 
User 644 	 10 	 0,429 	 1,012 
User 642 	 10 	 0,964 	 1,160 
User 645 	 10 	 0,431 	 0,635 
User 646 	 10 	 1,160 	 1,292 
User 643 	 10 	 0,800 	 1,038 
User 647 	 10 	 0,406 	 0,767 
User 649 	 10 	 0,793 	 0,916 
User 648 	 10 	 1,000 	 1,172 
User 651 	 10 	 1,000 	 1,215 
User 650 	 10 	 0,739 	 0,943 
User 652 	 10 	 0,800 	 1,161 
User 656 	 10 	 1,380 	 1,592 
User 654 	 10 	 0,776 	 0,916 
User 653 	 10 	 1,687 	 1,798 
User 657 	 10 	 1,254 	 1,471 
User 655 	 10 	 0,656 	 0,787 
User 658 	 10 	 0,670 	 0,838 
User 659 	 10 	 0,912 	 1,282 
User 661 	 10 	 0,836 	 0,939 
User 662 	 10 	 0,641 	 0,877 
User 660 	 10 	 1,473 	 1,661 
User 663 	 10 	 0,500 	 0,537 
User 664 	 10 	 0,799 	 0,953 
User 665 	 10 	 0,746 	 0,865 
User 667 	 10 	 0,603 	 0,777 
User 666 	 10 	 0,640 	 0,897 
User 670 	 10 	 0,905 	 1,143 
User 668 	 10 	 0,718 	 0,925 
User 672 	 10 	 1,091 	 1,280 
User 671 	 10 	 0,800 	 0,892 
User 669 	 10 	 0,850 	 1,078 
User 675 	 10 	 1,105 	 1,453 
User 673 	 10 	 1,100 	 1,428 
User 674 	 10 	 1,097 	 1,221 
User 678 	 10 	 1,000 	 1,202 
User 677 	 10 	 1,268 	 1,452 
User 680 	 10 	 0,802 	 0,959 
User 679 	 10 	 0,648 	 0,712 
User 676 	 10 	 1,381 	 1,552 
User 681 	 10 	 1,000 	 1,238 
User 685 	 10 	 1,900 	 2,025 
User 682 	 10 	 1,265 	 1,405 
User 683 	 10 	 1,272 	 1,416 
User 687 	 10 	 0,900 	 1,125 
No estimation
User 688 	 10 	 4,900 	 4,909 
User 684 	 10 	 0,784 	 0,908 
User 686 	 10 	 0,695 	 0,826 
User 689 	 10 	 1,440 	 1,536 
User 691 	 10 	 1,268 	 1,431 
User 690 	 10 	 0,800 	 0,957 
User 692 	 10 	 0,622 	 0,781 
User 694 	 10 	 0,555 	 0,739 
User 695 	 10 	 1,157 	 1,495 
User 696 	 10 	 1,200 	 1,500 
User 693 	 10 	 0,423 	 0,566 
User 697 	 10 	 1,200 	 1,370 
User 700 	 10 	 0,528 	 0,723 
User 698 	 10 	 1,100 	 1,337 
User 699 	 10 	 0,429 	 0,646 
User 702 	 10 	 1,300 	 1,672 
User 701 	 10 	 1,136 	 1,269 
User 704 	 10 	 0,541 	 0,700 
User 703 	 10 	 1,342 	 1,473 
User 705 	 10 	 0,800 	 1,074 
User 706 	 10 	 0,900 	 1,060 
User 707 	 10 	 0,800 	 1,044 
User 708 	 10 	 0,939 	 1,122 
User 709 	 10 	 0,972 	 1,119 
User 710 	 10 	 0,991 	 1,180 
User 712 	 10 	 0,508 	 0,690 
User 711 	 10 	 0,943 	 1,233 
User 713 	 10 	 1,030 	 1,271 
User 714 	 10 	 1,087 	 1,226 
User 715 	 10 	 0,774 	 0,852 
User 720 	 10 	 0,647 	 0,781 
User 718 	 10 	 1,089 	 1,274 
User 716 	 10 	 0,799 	 0,900 
User 717 	 10 	 0,333 	 0,540 
User 719 	 10 	 0,990 	 1,379 
User 721 	 10 	 0,517 	 0,672 
User 722 	 10 	 0,432 	 0,791 
User 726 	 10 	 1,579 	 1,779 
User 723 	 10 	 0,900 	 1,153 
User 725 	 10 	 0,542 	 0,731 
User 724 	 10 	 1,875 	 2,211 
User 728 	 10 	 0,318 	 0,524 
User 729 	 10 	 1,215 	 1,663 
User 727 	 10 	 0,709 	 0,945 
User 732 	 10 	 0,841 	 0,917 
User 730 	 10 	 1,275 	 1,441 
User 731 	 10 	 1,178 	 1,389 
User 734 	 10 	 1,196 	 1,599 
User 733 	 10 	 0,823 	 0,966 
User 736 	 10 	 1,600 	 2,129 
User 735 	 10 	 0,733 	 0,955 
User 737 	 10 	 0,746 	 0,944 
User 740 	 10 	 0,880 	 1,081 
User 738 	 10 	 0,895 	 1,040 
User 739 	 10 	 1,011 	 1,342 
User 742 	 10 	 0,710 	 1,134 
User 741 	 10 	 0,968 	 1,202 
User 744 	 10 	 0,551 	 0,724 
User 743 	 10 	 0,923 	 1,264 
User 745 	 10 	 0,958 	 1,152 
User 746 	 10 	 1,132 	 1,300 
User 747 	 10 	 1,125 	 1,289 
User 748 	 10 	 0,733 	 0,842 
User 750 	 10 	 1,089 	 1,544 
User 749 	 10 	 0,977 	 1,257 
User 752 	 10 	 1,360 	 1,769 
User 751 	 10 	 0,742 	 1,021 
User 753 	 10 	 0,441 	 0,636 
User 754 	 10 	 1,000 	 1,141 
User 755 	 10 	 1,903 	 2,186 
User 756 	 10 	 1,126 	 1,351 
User 757 	 10 	 0,771 	 0,902 
User 759 	 10 	 0,981 	 1,097 
User 760 	 10 	 0,884 	 1,182 
User 758 	 10 	 0,730 	 0,944 
User 762 	 10 	 1,732 	 2,193 
User 761 	 10 	 1,600 	 2,027 
User 765 	 10 	 0,907 	 1,141 
User 763 	 10 	 0,893 	 0,999 
User 764 	 10 	 0,846 	 0,973 
User 767 	 10 	 0,938 	 1,063 
User 766 	 10 	 0,765 	 0,839 
User 769 	 10 	 0,760 	 0,900 
User 768 	 10 	 0,810 	 1,241 
User 770 	 10 	 1,136 	 1,259 
User 772 	 10 	 0,708 	 1,030 
User 775 	 10 	 0,800 	 0,873 
User 771 	 10 	 1,240 	 1,418 
User 773 	 10 	 0,820 	 1,011 
User 774 	 10 	 1,557 	 1,838 
User 776 	 10 	 0,999 	 1,263 
User 777 	 10 	 1,309 	 1,405 
User 778 	 10 	 1,187 	 1,689 
User 779 	 10 	 0,957 	 1,088 
User 780 	 10 	 0,700 	 0,837 
User 783 	 10 	 0,487 	 0,675 
User 781 	 10 	 0,740 	 1,025 
User 782 	 10 	 0,876 	 1,094 
User 784 	 10 	 0,476 	 0,600 
User 785 	 10 	 0,630 	 0,729 
User 786 	 10 	 0,964 	 1,048 
User 787 	 10 	 1,100 	 1,383 
User 789 	 10 	 0,778 	 0,957 
User 788 	 10 	 0,600 	 0,670 
User 792 	 10 	 1,008 	 1,198 
User 791 	 10 	 0,653 	 0,786 
User 790 	 10 	 0,703 	 0,848 
User 793 	 10 	 0,600 	 0,665 
User 794 	 10 	 0,477 	 0,669 
User 795 	 10 	 0,642 	 0,775 
User 799 	 10 	 0,722 	 0,944 
User 797 	 10 	 1,875 	 1,951 
User 800 	 10 	 0,658 	 0,760 
User 801 	 10 	 0,600 	 0,775 
User 798 	 10 	 0,700 	 0,910 
User 796 	 10 	 0,600 	 0,729 
User 802 	 10 	 0,939 	 1,024 
User 803 	 10 	 1,130 	 1,520 
User 808 	 10 	 0,637 	 0,780 
User 809 	 10 	 0,956 	 1,223 
User 806 	 10 	 0,700 	 0,815 
User 804 	 10 	 0,694 	 0,818 
User 805 	 10 	 0,800 	 0,880 
User 807 	 10 	 1,024 	 1,149 
User 810 	 10 	 0,541 	 0,731 
User 811 	 10 	 0,663 	 0,808 
User 814 	 10 	 0,769 	 0,940 
User 812 	 10 	 0,726 	 1,125 
User 813 	 10 	 1,380 	 1,827 
User 816 	 10 	 0,469 	 0,753 
User 818 	 10 	 1,036 	 1,348 
User 817 	 10 	 0,961 	 1,060 
User 815 	 10 	 0,900 	 1,164 
User 819 	 10 	 0,525 	 0,697 
User 820 	 10 	 1,200 	 1,467 
User 822 	 10 	 0,731 	 0,841 
User 824 	 10 	 1,577 	 1,801 
User 821 	 10 	 1,264 	 1,355 
User 823 	 10 	 1,084 	 1,222 
User 827 	 10 	 0,684 	 0,791 
User 825 	 10 	 0,705 	 0,941 
User 826 	 10 	 0,530 	 0,756 
User 828 	 10 	 1,245 	 1,489 
User 829 	 10 	 0,695 	 0,744 
User 830 	 10 	 0,838 	 0,952 
User 831 	 10 	 0,900 	 1,091 
User 832 	 10 	 1,150 	 1,286 
User 833 	 10 	 1,500 	 1,822 
User 834 	 10 	 0,646 	 0,806 
User 835 	 10 	 0,981 	 1,104 
User 837 	 10 	 1,000 	 1,373 
User 836 	 10 	 1,023 	 1,334 
User 838 	 10 	 0,800 	 0,873 
User 839 	 10 	 1,165 	 1,368 
User 840 	 10 	 0,679 	 0,838 
User 842 	 10 	 0,668 	 0,872 
User 841 	 10 	 0,695 	 1,078 
User 845 	 10 	 0,860 	 1,031 
User 843 	 10 	 0,943 	 1,062 
User 844 	 10 	 0,810 	 0,991 
User 849 	 10 	 0,772 	 0,798 
User 846 	 10 	 0,719 	 0,923 
User 847 	 10 	 1,230 	 1,414 
User 850 	 10 	 0,982 	 1,079 
User 848 	 10 	 0,855 	 0,942 
User 851 	 10 	 0,713 	 0,831 
User 852 	 10 	 0,669 	 0,802 
User 855 	 10 	 0,693 	 0,924 
User 853 	 10 	 1,127 	 1,331 
User 857 	 10 	 1,200 	 1,384 
User 856 	 10 	 0,920 	 1,390 
User 854 	 10 	 0,910 	 1,130 
User 858 	 10 	 0,969 	 1,275 
User 859 	 10 	 0,800 	 0,883 
User 861 	 10 	 0,881 	 1,191 
User 860 	 10 	 0,993 	 1,315 
User 862 	 10 	 1,022 	 1,184 
User 866 	 10 	 1,245 	 1,504 
User 863 	 10 	 1,319 	 1,617 
User 865 	 10 	 1,336 	 1,541 
User 864 	 10 	 1,033 	 1,167 
User 867 	 10 	 1,147 	 1,283 
User 869 	 10 	 1,341 	 1,653 
User 868 	 10 	 1,053 	 1,293 
User 873 	 10 	 1,239 	 1,589 
User 870 	 10 	 0,965 	 1,050 
User 871 	 10 	 0,994 	 1,089 
User 872 	 10 	 0,600 	 0,696 
User 874 	 10 	 0,623 	 0,849 
User 876 	 10 	 0,971 	 1,088 
User 875 	 10 	 0,917 	 1,120 
User 877 	 10 	 0,523 	 0,818 
User 879 	 10 	 0,887 	 0,970 
User 878 	 10 	 0,618 	 0,885 
User 881 	 10 	 0,936 	 1,057 
User 880 	 10 	 1,200 	 1,365 
User 882 	 10 	 0,942 	 1,103 
User 883 	 10 	 0,749 	 0,872 
User 884 	 10 	 1,326 	 1,608 
User 888 	 10 	 0,316 	 0,543 
User 885 	 10 	 0,576 	 0,645 
User 886 	 10 	 1,010 	 1,328 
User 887 	 10 	 1,302 	 1,380 
User 889 	 10 	 0,978 	 1,104 
User 890 	 10 	 0,955 	 1,181 
User 891 	 10 	 0,813 	 0,904 
User 892 	 10 	 1,029 	 1,205 
User 895 	 10 	 0,591 	 0,884 
User 893 	 10 	 0,682 	 0,800 
User 894 	 10 	 0,397 	 0,462 
User 898 	 10 	 0,934 	 1,168 
User 896 	 10 	 1,036 	 1,217 
User 897 	 10 	 1,233 	 1,321 
User 899 	 10 	 0,936 	 1,117 
User 900 	 10 	 1,491 	 1,853 
User 901 	 10 	 1,190 	 1,291 
User 902 	 10 	 1,030 	 1,154 
User 903 	 10 	 1,391 	 1,512 
User 904 	 10 	 0,444 	 0,759 
User 906 	 10 	 0,517 	 0,702 
User 905 	 10 	 0,600 	 0,734 
User 907 	 10 	 1,096 	 1,217 
User 908 	 10 	 0,900 	 1,198 
User 909 	 10 	 0,738 	 0,853 
User 911 	 10 	 0,817 	 1,107 
User 914 	 10 	 1,221 	 1,501 
User 912 	 10 	 0,722 	 0,831 
User 910 	 10 	 0,556 	 0,684 
User 913 	 10 	 0,849 	 0,953 
User 915 	 10 	 1,028 	 1,187 
User 917 	 10 	 0,850 	 0,944 
User 916 	 10 	 0,711 	 0,833 
User 920 	 10 	 0,779 	 1,022 
User 918 	 10 	 0,821 	 0,905 
User 919 	 10 	 0,577 	 0,698 
User 921 	 10 	 0,872 	 1,021 
User 922 	 10 	 0,831 	 1,036 
User 923 	 10 	 0,769 	 0,882 
User 925 	 10 	 1,148 	 1,359 
User 926 	 10 	 0,824 	 0,864 
User 924 	 10 	 0,700 	 0,949 
User 927 	 10 	 1,336 	 1,499 
User 928 	 10 	 0,900 	 0,949 
User 929 	 10 	 0,791 	 0,975 
User 930 	 10 	 0,642 	 0,783 
User 931 	 10 	 0,916 	 1,274 
User 932 	 10 	 0,982 	 1,084 
User 933 	 10 	 1,130 	 1,381 
User 934 	 10 	 0,947 	 1,028 
User 935 	 10 	 1,055 	 1,163 
User 936 	 10 	 0,908 	 1,048 
User 937 	 10 	 0,556 	 1,026 
User 939 	 10 	 0,910 	 1,051 
User 941 	 10 	 1,012 	 1,195 
User 938 	 10 	 1,179 	 1,342 
User 940 	 10 	 1,318 	 1,619 
User 942 	 10 	 0,926 	 1,057 
User 943 	 10 	 1,200 	 1,526 
total mae = 0.9434209443760704
total rmse = 1.1999371554498794
