User 3259 	 10 	 1,349 	 1,428
User 3260 	 10 	 0,625 	 0,875
User 3261 	 10 	 1,100 	 1,320
User 3264 	 10 	 1,543 	 1,795
User 3262 	 10 	 0,458 	 0,602
User 3263 	 10 	 0,622 	 0,784
User 3265 	 10 	 0,804 	 1,017
User 3266 	 10 	 0,500 	 0,634
User 3267 	 10 	 0,600 	 0,722
User 3269 	 10 	 0,600 	 0,714
User 3268 	 10 	 0,627 	 0,874
User 3270 	 10 	 0,785 	 1,272
User 3271 	 10 	 0,616 	 0,780
User 3272 	 10 	 0,797 	 0,890
User 3273 	 10 	 0,800 	 0,981
User 3275 	 10 	 0,981 	 1,361
User 3278 	 10 	 0,830 	 0,907
User 3276 	 10 	 1,140 	 1,581
User 3274 	 10 	 0,736 	 0,976
User 3282 	 10 	 0,745 	 0,814
User 3277 	 10 	 0,346 	 0,494
User 3279 	 10 	 0,923 	 1,004
User 3280 	 10 	 0,700 	 0,907
User 3281 	 10 	 0,274 	 0,407
User 3286 	 10 	 0,472 	 0,600
User 3287 	 10 	 0,500 	 0,594
User 3284 	 10 	 0,756 	 0,982
User 3283 	 10 	 0,828 	 1,010
User 3291 	 10 	 1,128 	 1,415
User 3285 	 10 	 0,900 	 1,107
User 3288 	 10 	 0,607 	 0,786
User 3289 	 10 	 0,893 	 1,074
User 3290 	 10 	 1,929 	 2,209
User 3292 	 10 	 1,050 	 1,226
User 3293 	 10 	 1,050 	 1,339
User 3294 	 10 	 1,100 	 1,320
User 3298 	 10 	 0,776 	 0,848
User 3295 	 10 	 0,931 	 1,276
User 3296 	 10 	 0,700 	 0,797
User 3297 	 10 	 0,663 	 0,831
User 3303 	 10 	 0,749 	 0,815
User 3299 	 10 	 0,600 	 0,722
User 3300 	 10 	 0,651 	 0,785
User 3301 	 10 	 0,745 	 1,065
User 3302 	 10 	 1,080 	 1,086
User 3306 	 10 	 0,840 	 0,879
User 3304 	 10 	 0,649 	 0,733
User 3305 	 10 	 1,072 	 1,399
User 3307 	 10 	 0,899 	 1,166
User 3308 	 10 	 1,500 	 1,570
User 3309 	 10 	 0,435 	 0,602
User 3310 	 10 	 0,900 	 1,221
User 3311 	 10 	 1,132 	 1,297
User 3312 	 10 	 0,801 	 0,999
User 3313 	 10 	 0,569 	 0,663
User 3314 	 10 	 1,203 	 1,330
User 3315 	 10 	 0,771 	 1,259
User 3316 	 10 	 0,671 	 0,813
User 3319 	 10 	 1,010 	 1,308
User 3318 	 10 	 0,455 	 0,603
User 3317 	 10 	 0,945 	 1,228
User 3321 	 10 	 0,447 	 0,606
User 3322 	 10 	 0,831 	 0,867
There is no neighbors
No estimation
User 3324 	 10 	 4,800 	 4,837
User 3320 	 10 	 1,320 	 1,433
User 3325 	 10 	 1,149 	 1,650
User 3323 	 10 	 0,550 	 0,700
User 3326 	 10 	 0,492 	 0,790
User 3330 	 10 	 0,824 	 1,102
User 3327 	 10 	 1,068 	 1,251
User 3328 	 10 	 1,313 	 1,644
User 3329 	 10 	 0,725 	 0,831
User 3331 	 10 	 0,831 	 1,012
User 3332 	 10 	 0,967 	 1,491
User 3333 	 10 	 0,926 	 1,159
User 3334 	 10 	 0,971 	 1,078
User 3335 	 10 	 0,902 	 1,080
User 3336 	 10 	 0,702 	 0,949
User 3337 	 10 	 0,401 	 0,584
User 3338 	 10 	 0,700 	 0,798
User 3339 	 10 	 0,600 	 0,721
User 3340 	 10 	 0,742 	 0,856
User 3341 	 10 	 1,051 	 1,114
User 3343 	 10 	 0,654 	 0,743
User 3342 	 10 	 0,630 	 0,804
User 3344 	 10 	 0,522 	 0,669
User 3345 	 10 	 0,362 	 0,540
User 3346 	 10 	 0,754 	 0,972
User 3351 	 10 	 0,495 	 0,652
User 3348 	 10 	 0,356 	 0,485
User 3347 	 10 	 0,527 	 0,661
User 3350 	 10 	 1,118 	 1,308
User 3349 	 10 	 0,831 	 1,012
User 3352 	 10 	 1,122 	 1,334
User 3354 	 10 	 1,221 	 1,334
User 3355 	 10 	 0,260 	 0,412
User 3353 	 10 	 0,758 	 1,162
User 3356 	 10 	 1,561 	 1,627
User 3357 	 10 	 0,354 	 0,487
User 3358 	 10 	 0,621 	 0,784
User 3359 	 10 	 0,800 	 1,170
User 3360 	 10 	 1,197 	 1,324
User 3362 	 10 	 0,496 	 0,652
User 3361 	 10 	 0,641 	 0,718
User 3363 	 10 	 0,650 	 0,934
User 3366 	 10 	 1,028 	 1,369
User 3364 	 10 	 0,667 	 0,811
User 3365 	 10 	 0,630 	 0,750
User 3367 	 10 	 0,575 	 0,681
User 3369 	 10 	 0,415 	 0,618
User 3368 	 10 	 0,727 	 0,831
User 3372 	 10 	 0,431 	 0,548
User 3373 	 10 	 1,100 	 1,394
User 3370 	 10 	 1,205 	 1,534
User 3375 	 10 	 0,992 	 1,369
User 3371 	 10 	 1,374 	 1,504
User 3376 	 10 	 1,067 	 1,395
User 3374 	 10 	 0,830 	 0,907
User 3377 	 10 	 0,600 	 0,719
User 3381 	 10 	 0,883 	 1,065
User 3379 	 10 	 1,022 	 1,207
User 3378 	 10 	 1,088 	 1,209
User 3380 	 10 	 0,970 	 1,233
User 3382 	 10 	 1,344 	 1,547
User 3383 	 10 	 0,622 	 0,754
User 3385 	 10 	 0,888 	 0,969
User 3384 	 10 	 0,909 	 0,991
User 3388 	 10 	 0,676 	 0,816
User 3386 	 10 	 0,554 	 0,701
User 3387 	 10 	 0,674 	 0,930
User 3389 	 10 	 0,817 	 1,009
User 3392 	 10 	 0,966 	 1,011
User 3390 	 10 	 0,727 	 0,944
User 3391 	 10 	 1,058 	 1,234
User 3393 	 10 	 0,956 	 1,001
User 3396 	 10 	 0,587 	 0,741
User 3394 	 10 	 1,350 	 1,495
User 3395 	 10 	 1,168 	 1,572
User 3397 	 10 	 1,100 	 1,388
User 3398 	 10 	 0,851 	 1,033
User 3399 	 10 	 1,032 	 1,136
User 3400 	 10 	 0,600 	 0,717
User 3404 	 10 	 0,704 	 0,948
User 3401 	 10 	 1,137 	 1,222
User 3402 	 10 	 1,174 	 1,288
User 3403 	 10 	 1,168 	 1,303
User 3405 	 10 	 1,076 	 1,375
User 3406 	 10 	 1,075 	 1,300
User 3407 	 10 	 1,278 	 1,423
User 3409 	 10 	 0,900 	 1,045
User 3408 	 10 	 0,800 	 0,982
User 3410 	 10 	 0,751 	 0,944
User 3411 	 10 	 1,431 	 1,576
User 3412 	 10 	 0,821 	 1,006
User 3413 	 10 	 0,774 	 0,844
User 3414 	 10 	 0,577 	 0,690
User 3415 	 10 	 0,347 	 0,493
User 3416 	 10 	 1,063 	 1,193
User 3417 	 10 	 0,676 	 0,772
User 3421 	 10 	 0,740 	 0,801
User 3418 	 10 	 0,800 	 0,875
User 3419 	 10 	 0,848 	 1,030
User 3420 	 10 	 0,553 	 0,701
User 3422 	 10 	 1,261 	 1,575
User 3423 	 10 	 0,263 	 0,411
User 3424 	 10 	 0,389 	 0,541
User 3425 	 10 	 0,827 	 1,009
User 3429 	 10 	 0,776 	 1,262
User 3426 	 10 	 0,948 	 1,230
User 3427 	 10 	 0,673 	 0,929
User 3428 	 10 	 0,576 	 0,686
User 3430 	 10 	 0,842 	 0,958
User 3431 	 10 	 0,749 	 0,860
User 3432 	 10 	 1,002 	 1,138
User 3433 	 10 	 1,025 	 1,210
User 3434 	 10 	 0,730 	 0,978
User 3435 	 10 	 1,171 	 1,422
User 3436 	 10 	 0,900 	 1,221
User 3437 	 10 	 0,527 	 0,661
User 3438 	 10 	 0,900 	 1,045
User 3440 	 10 	 0,684 	 0,936
User 3439 	 10 	 0,526 	 0,662
User 3443 	 10 	 0,878 	 0,920
User 3441 	 10 	 0,852 	 1,034
User 3442 	 10 	 0,932 	 1,108
User 3444 	 10 	 1,020 	 1,238
User 3446 	 10 	 0,646 	 0,728
User 3445 	 10 	 0,526 	 0,663
User 3448 	 10 	 1,066 	 1,531
User 3447 	 10 	 0,294 	 0,462
User 3449 	 10 	 0,500 	 0,630
User 3455 	 10 	 0,625 	 0,875
User 3450 	 10 	 0,555 	 0,740
User 3451 	 10 	 0,769 	 0,837
User 3452 	 10 	 0,571 	 0,669
User 3453 	 10 	 0,556 	 0,701
User 3454 	 10 	 0,676 	 0,915
User 3456 	 10 	 1,142 	 1,328
User 3457 	 10 	 0,948 	 1,089
User 3459 	 10 	 1,025 	 1,211
User 3458 	 10 	 0,700 	 0,794
User 3461 	 10 	 0,816 	 0,851
User 3460 	 10 	 0,600 	 0,726
User 3462 	 10 	 1,080 	 1,250
User 3463 	 10 	 0,900 	 1,136
User 3464 	 10 	 0,691 	 0,827
User 3465 	 10 	 0,600 	 0,713
User 3466 	 10 	 0,622 	 0,877
User 3467 	 10 	 0,900 	 1,044
User 3468 	 10 	 0,624 	 0,876
User 3469 	 10 	 0,934 	 1,138
User 3470 	 10 	 1,127 	 1,341
User 3471 	 10 	 0,822 	 1,050
User 3472 	 10 	 0,850 	 1,211
User 3473 	 10 	 0,927 	 1,160
User 3474 	 10 	 0,830 	 0,866
User 3476 	 10 	 1,400 	 1,633
User 3475 	 10 	 0,766 	 0,946
User 3478 	 10 	 1,077 	 1,403
User 3477 	 10 	 0,397 	 0,542
User 3479 	 10 	 0,806 	 0,922
User 3480 	 10 	 1,025 	 1,210
User 3481 	 10 	 0,623 	 0,753
User 3482 	 10 	 0,395 	 0,581
User 3483 	 10 	 1,311 	 1,389
User 3484 	 10 	 1,235 	 1,678
User 3486 	 10 	 0,592 	 0,868
User 3485 	 10 	 0,776 	 0,848
User 3488 	 10 	 1,705 	 1,938
User 3495 	 10 	 1,099 	 1,347
User 3494 	 10 	 0,800 	 1,169
User 3487 	 10 	 0,416 	 0,619
User 3492 	 10 	 0,399 	 0,583
User 3490 	 10 	 1,217 	 1,347
User 3489 	 10 	 1,050 	 1,310
User 3491 	 10 	 0,805 	 1,099
User 3493 	 10 	 0,789 	 0,901
User 3496 	 10 	 0,762 	 0,977
User 3497 	 10 	 0,777 	 0,960
User 3498 	 10 	 1,352 	 1,703
User 3499 	 10 	 1,061 	 1,242
User 3500 	 10 	 0,647 	 0,730
User 3502 	 10 	 0,574 	 0,678
User 3501 	 10 	 0,724 	 0,831
User 3503 	 10 	 1,440 	 1,586
User 3504 	 10 	 0,981 	 1,361
User 3505 	 10 	 1,746 	 2,136
User 3506 	 10 	 0,654 	 0,743
User 3508 	 10 	 1,250 	 1,471
User 3507 	 10 	 1,580 	 1,749
User 3509 	 10 	 0,914 	 1,056
User 3510 	 10 	 0,695 	 0,943
User 3511 	 10 	 1,028 	 1,287
User 3512 	 10 	 0,806 	 1,004
User 3513 	 10 	 0,700 	 0,799
User 3514 	 10 	 0,526 	 0,662
User 3515 	 10 	 1,000 	 1,192
User 3516 	 10 	 1,066 	 1,394
User 3517 	 10 	 0,655 	 1,104
User 3518 	 10 	 1,100 	 1,248
User 3519 	 10 	 0,664 	 0,909
User 3520 	 10 	 0,501 	 0,816
User 3521 	 10 	 0,843 	 1,030
User 3522 	 10 	 0,900 	 0,944
User 3523 	 10 	 0,731 	 0,987
User 3524 	 10 	 0,829 	 1,010
User 3525 	 10 	 0,936 	 1,355
User 3527 	 10 	 0,995 	 1,297
User 3526 	 10 	 1,532 	 1,641
User 3530 	 10 	 0,879 	 1,060
User 3528 	 10 	 1,466 	 1,798
User 3529 	 10 	 1,137 	 1,301
User 3531 	 10 	 0,523 	 0,666
User 3535 	 10 	 0,648 	 0,902
User 3532 	 10 	 0,953 	 1,341
User 3537 	 10 	 1,841 	 2,158
User 3533 	 10 	 0,610 	 0,775
User 3534 	 10 	 0,700 	 0,800
User 3536 	 10 	 0,690 	 1,040
User 3542 	 10 	 1,493 	 1,826
User 3541 	 10 	 0,653 	 0,802
User 3544 	 10 	 0,848 	 0,994
User 3538 	 10 	 0,600 	 0,720
User 3539 	 10 	 1,237 	 1,375
User 3543 	 10 	 0,680 	 0,819
User 3540 	 10 	 0,549 	 0,700
User 3548 	 10 	 2,230 	 2,396
User 3545 	 10 	 1,146 	 1,558
User 3552 	 10 	 1,025 	 1,241
User 3546 	 10 	 0,566 	 0,731
User 3549 	 10 	 0,753 	 0,863
User 3547 	 10 	 0,647 	 0,902
User 3550 	 10 	 0,770 	 0,917
User 3551 	 10 	 0,984 	 1,363
User 3553 	 10 	 0,800 	 0,876
User 3554 	 10 	 1,058 	 1,235
User 3555 	 10 	 0,986 	 1,210
User 3556 	 10 	 0,328 	 0,517
User 3557 	 10 	 0,982 	 1,088
User 3558 	 10 	 0,656 	 0,787
User 3559 	 10 	 0,570 	 0,666
User 3560 	 10 	 0,427 	 0,557
User 3562 	 10 	 0,832 	 0,943
User 3561 	 10 	 1,032 	 1,221
User 3566 	 10 	 0,399 	 0,583
User 3563 	 10 	 0,478 	 0,646
User 3570 	 10 	 1,219 	 1,435
User 3564 	 10 	 0,598 	 0,767
User 3565 	 10 	 1,008 	 1,307
User 3567 	 10 	 0,645 	 0,902
User 3568 	 10 	 0,800 	 0,876
User 3569 	 10 	 1,100 	 1,372
User 3575 	 10 	 0,825 	 1,040
User 3571 	 10 	 1,200 	 1,504
User 3572 	 10 	 0,977 	 1,252
User 3573 	 10 	 1,502 	 1,588
User 3574 	 10 	 0,594 	 0,745
User 3577 	 10 	 0,967 	 1,250
User 3576 	 10 	 0,712 	 0,842
User 3581 	 10 	 0,917 	 1,340
User 3583 	 10 	 0,773 	 0,800
User 3578 	 10 	 0,929 	 1,073
User 3579 	 10 	 0,777 	 0,891
User 3580 	 10 	 0,624 	 0,875
User 3582 	 10 	 0,696 	 0,943
User 3584 	 10 	 0,992 	 1,440
User 3585 	 10 	 0,963 	 1,272
User 3587 	 10 	 0,678 	 0,776
User 3586 	 10 	 1,373 	 1,713
User 3589 	 10 	 1,400 	 1,517
User 3588 	 10 	 0,850 	 0,995
User 3590 	 10 	 1,935 	 2,036
User 3591 	 10 	 0,631 	 0,750
No estimation
User 3598 	 10 	 1,000 	 1,000
User 3592 	 10 	 0,800 	 0,981
User 3593 	 10 	 1,291 	 1,505
User 3595 	 10 	 0,753 	 0,972
User 3594 	 10 	 1,258 	 1,547
User 3596 	 10 	 0,751 	 0,817
User 3597 	 10 	 0,629 	 0,750
User 3599 	 10 	 0,715 	 1,156
User 3604 	 10 	 0,500 	 0,591
User 3600 	 10 	 0,634 	 0,749
User 3601 	 10 	 0,528 	 0,661
User 3602 	 10 	 0,529 	 0,658
User 3603 	 10 	 1,558 	 1,807
User 3606 	 10 	 0,653 	 0,786
User 3605 	 10 	 1,176 	 1,554
User 3607 	 10 	 0,426 	 0,560
User 3608 	 10 	 0,671 	 0,795
User 3609 	 10 	 1,257 	 1,609
User 3610 	 10 	 2,636 	 2,828
User 3611 	 10 	 0,700 	 0,796
User 3613 	 10 	 0,858 	 1,039
User 3612 	 10 	 0,544 	 0,732
User 3616 	 10 	 0,556 	 0,741
User 3614 	 10 	 0,901 	 1,169
User 3615 	 10 	 1,272 	 1,427
User 3623 	 10 	 0,973 	 1,282
User 3617 	 10 	 1,343 	 1,807
User 3618 	 10 	 0,350 	 0,719
User 3619 	 10 	 0,893 	 1,244
User 3620 	 10 	 1,168 	 1,368
User 3621 	 10 	 1,435 	 1,602
User 3622 	 10 	 0,905 	 1,332
User 3624 	 10 	 0,550 	 0,700
User 3627 	 10 	 1,237 	 1,523
User 3626 	 10 	 1,158 	 1,304
User 3628 	 10 	 0,475 	 0,645
User 3625 	 10 	 1,252 	 1,540
User 3629 	 10 	 0,425 	 0,561
User 3631 	 10 	 0,500 	 0,816
User 3633 	 10 	 0,600 	 0,716
User 3632 	 10 	 0,671 	 0,928
User 3634 	 10 	 1,249 	 1,566
User 3630 	 10 	 1,091 	 1,267
User 3636 	 10 	 0,739 	 0,964
User 3635 	 10 	 0,876 	 1,021
User 3642 	 10 	 1,484 	 1,855
User 3637 	 10 	 1,182 	 1,579
User 3638 	 10 	 0,556 	 0,701
User 3640 	 10 	 0,851 	 1,126
User 3639 	 10 	 1,437 	 1,636
User 3641 	 10 	 0,984 	 1,364
User 3643 	 10 	 0,800 	 0,872
User 3644 	 10 	 0,889 	 1,160
User 3645 	 10 	 1,123 	 1,408
User 3647 	 10 	 0,476 	 0,645
User 3649 	 10 	 0,500 	 0,622
User 3646 	 10 	 0,775 	 0,846
User 3648 	 10 	 1,259 	 1,392
User 3650 	 10 	 0,896 	 1,129
User 3651 	 10 	 0,574 	 0,678
User 3652 	 10 	 0,763 	 0,901
User 3655 	 10 	 1,149 	 1,280
User 3653 	 10 	 0,749 	 0,814
User 3656 	 10 	 1,333 	 1,529
User 3654 	 10 	 0,705 	 1,150
User 3657 	 10 	 0,676 	 0,771
User 3662 	 10 	 1,830 	 2,127
User 3658 	 10 	 0,817 	 0,851
User 3659 	 10 	 1,000 	 1,348
User 3660 	 10 	 0,752 	 0,971
User 3661 	 10 	 0,675 	 0,930
User 3663 	 10 	 0,988 	 1,212
User 3664 	 10 	 1,232 	 1,486
User 3665 	 10 	 0,992 	 1,215
User 3667 	 10 	 1,031 	 1,373
User 3666 	 10 	 0,556 	 0,701
User 3668 	 10 	 0,641 	 1,100
User 3669 	 10 	 1,065 	 1,301
User 3670 	 10 	 0,680 	 0,844
User 3671 	 10 	 0,600 	 0,725
User 3672 	 10 	 1,093 	 1,612
User 3673 	 10 	 0,948 	 1,178
User 3674 	 10 	 0,828 	 1,104
User 3675 	 10 	 0,514 	 0,845
User 3676 	 10 	 1,012 	 1,231
User 3677 	 10 	 0,656 	 0,746
User 3678 	 10 	 0,369 	 0,539
User 3680 	 10 	 0,793 	 0,911
User 3679 	 10 	 1,242 	 1,406
User 3682 	 10 	 0,644 	 0,724
User 3681 	 10 	 0,928 	 1,128
User 3683 	 10 	 1,148 	 1,392
User 3684 	 10 	 0,715 	 0,770
User 3685 	 10 	 1,416 	 1,535
User 3686 	 10 	 0,877 	 0,919
User 3688 	 10 	 0,732 	 0,795
User 3687 	 10 	 1,200 	 1,335
User 3690 	 10 	 1,323 	 1,453
User 3689 	 10 	 1,420 	 1,620
User 3692 	 10 	 0,581 	 0,738
User 3691 	 10 	 0,800 	 0,980
User 3693 	 10 	 0,832 	 1,026
User 3694 	 10 	 0,691 	 0,951
User 3695 	 10 	 0,469 	 0,643
User 3696 	 10 	 0,370 	 0,539
User 3697 	 10 	 1,000 	 1,102
User 3699 	 10 	 0,818 	 0,853
User 3698 	 10 	 1,348 	 1,638
User 3700 	 10 	 0,548 	 0,700
User 3702 	 10 	 0,686 	 0,937
User 3701 	 10 	 0,955 	 1,266
User 3703 	 10 	 1,348 	 1,697
User 3707 	 10 	 0,614 	 0,897
User 3704 	 10 	 0,678 	 0,776
User 3706 	 10 	 0,800 	 1,169
User 3708 	 10 	 0,449 	 0,641
User 3705 	 10 	 0,999 	 1,166
User 3710 	 10 	 0,787 	 1,186
User 3709 	 10 	 0,952 	 1,093
User 3711 	 10 	 0,527 	 0,661
User 3712 	 10 	 0,898 	 1,076
User 3714 	 10 	 1,383 	 1,780
User 3713 	 10 	 0,848 	 0,926
User 3715 	 10 	 1,271 	 1,597
User 3716 	 10 	 1,146 	 1,586
User 3719 	 10 	 0,800 	 0,874
User 3722 	 10 	 0,644 	 0,782
User 3717 	 10 	 0,772 	 0,953
User 3718 	 10 	 1,242 	 1,392
User 3720 	 10 	 0,790 	 1,007
User 3721 	 10 	 0,988 	 1,505
User 3723 	 10 	 0,875 	 1,200
User 3725 	 10 	 0,822 	 1,006
User 3724 	 10 	 0,800 	 1,004
User 3730 	 10 	 0,457 	 0,647
User 3726 	 10 	 0,703 	 1,048
User 3727 	 10 	 1,207 	 1,469
User 3728 	 10 	 0,753 	 0,862
User 3729 	 10 	 1,500 	 1,619
User 3731 	 10 	 1,679 	 1,932
User 3732 	 10 	 0,802 	 1,115
User 3734 	 10 	 1,131 	 1,420
User 3733 	 10 	 0,568 	 0,732
User 3735 	 10 	 1,310 	 1,484
User 3736 	 10 	 0,732 	 0,833
User 3739 	 10 	 0,910 	 0,992
User 3738 	 10 	 0,720 	 0,778
User 3737 	 10 	 0,413 	 0,590
User 3740 	 10 	 0,473 	 0,644
User 3741 	 10 	 0,452 	 0,643
User 3742 	 10 	 0,420 	 0,594
User 3743 	 10 	 0,874 	 1,083
User 3744 	 10 	 0,800 	 0,876
User 3745 	 10 	 1,448 	 1,791
User 3747 	 10 	 0,347 	 0,493
User 3746 	 10 	 1,100 	 1,248
User 3748 	 10 	 1,400 	 1,701
User 3750 	 10 	 1,113 	 1,564
User 3749 	 10 	 1,084 	 1,178
User 3751 	 10 	 0,968 	 1,139
User 3752 	 10 	 1,051 	 1,385
User 3753 	 10 	 0,928 	 1,071
User 3754 	 10 	 0,961 	 1,347
User 3755 	 10 	 0,797 	 0,828
User 3756 	 10 	 0,908 	 1,146
User 3757 	 10 	 0,626 	 0,751
User 3758 	 10 	 0,932 	 1,276
User 3759 	 10 	 0,647 	 0,902
User 3760 	 10 	 1,232 	 1,291
User 3764 	 10 	 0,573 	 0,860
User 3762 	 10 	 1,376 	 1,716
User 3761 	 10 	 0,600 	 0,718
User 3765 	 10 	 0,756 	 0,973
User 3763 	 10 	 0,956 	 1,097
User 3766 	 10 	 0,824 	 1,044
User 3767 	 10 	 1,398 	 1,894
User 3772 	 10 	 1,072 	 1,301
User 3768 	 10 	 0,665 	 0,829
User 3769 	 10 	 1,447 	 1,528
User 3771 	 10 	 1,440 	 1,638
User 3770 	 10 	 0,624 	 0,752
User 3773 	 10 	 1,086 	 1,260
User 3776 	 10 	 0,365 	 0,479
User 3774 	 10 	 0,600 	 0,769
User 3775 	 10 	 0,662 	 0,908
User 3779 	 10 	 0,800 	 0,980
User 3777 	 10 	 1,417 	 1,563
User 3778 	 10 	 0,500 	 0,526
User 3783 	 10 	 0,736 	 0,947
User 3780 	 10 	 0,770 	 0,950
User 3781 	 10 	 0,670 	 0,757
User 3782 	 10 	 0,500 	 0,635
User 3787 	 10 	 0,867 	 1,047
User 3784 	 10 	 1,254 	 1,476
User 3785 	 10 	 0,995 	 1,216
User 3788 	 10 	 0,611 	 0,776
User 3786 	 10 	 0,550 	 0,700
User 3789 	 10 	 0,778 	 0,852
User 3790 	 10 	 0,822 	 1,006
User 3795 	 10 	 0,930 	 1,162
User 3791 	 10 	 1,277 	 1,349
User 3793 	 10 	 1,803 	 2,122
User 3792 	 10 	 1,201 	 1,403
User 3794 	 10 	 1,168 	 1,439
User 3797 	 10 	 0,914 	 1,339
User 3798 	 10 	 1,129 	 1,344
User 3796 	 10 	 0,623 	 0,903
User 3802 	 10 	 0,908 	 1,175
User 3803 	 10 	 0,860 	 1,068
User 3799 	 10 	 0,600 	 0,700
User 3800 	 10 	 0,715 	 0,867
User 3801 	 10 	 0,800 	 0,878
User 3805 	 10 	 1,185 	 1,385
User 3806 	 10 	 1,288 	 1,560
User 3804 	 10 	 0,700 	 0,802
User 3809 	 10 	 0,669 	 0,755
User 3807 	 10 	 1,126 	 1,481
User 3808 	 10 	 0,910 	 1,045
User 3810 	 10 	 0,648 	 0,784
User 3811 	 10 	 0,573 	 0,734
User 3814 	 10 	 1,217 	 1,259
User 3813 	 10 	 0,723 	 0,781
User 3812 	 10 	 0,717 	 0,859
User 3818 	 10 	 0,900 	 1,044
User 3815 	 10 	 0,656 	 0,787
User 3816 	 10 	 1,128 	 1,321
User 3817 	 10 	 1,099 	 1,270
User 3819 	 10 	 0,610 	 0,895
User 3820 	 10 	 0,587 	 0,742
User 3821 	 10 	 1,124 	 1,320
User 3822 	 10 	 1,004 	 1,225
User 3823 	 10 	 0,939 	 1,020
User 3826 	 10 	 0,973 	 1,356
User 3824 	 10 	 0,374 	 0,539
User 3825 	 10 	 1,255 	 1,669
User 3828 	 10 	 0,482 	 0,672
User 3827 	 10 	 0,861 	 1,218
User 3829 	 10 	 1,114 	 1,562
User 3831 	 10 	 0,900 	 1,221
User 3830 	 10 	 0,827 	 0,863
User 3832 	 10 	 0,500 	 0,633
User 3833 	 10 	 0,832 	 1,012
User 3834 	 10 	 1,559 	 1,697
User 3838 	 10 	 1,287 	 1,629
User 3835 	 10 	 0,500 	 0,620
User 3836 	 10 	 1,021 	 1,155
User 3837 	 10 	 0,391 	 0,579
User 3839 	 10 	 1,330 	 1,508
User 3841 	 10 	 0,655 	 1,029
User 3840 	 10 	 0,728 	 0,789
User 3843 	 10 	 2,422 	 2,677
User 3842 	 10 	 1,122 	 1,391
User 3844 	 10 	 0,800 	 1,169
User 3845 	 10 	 0,574 	 0,678
User 3846 	 10 	 0,600 	 0,721
User 3848 	 10 	 0,700 	 0,799
User 3849 	 10 	 1,341 	 1,469
User 3847 	 10 	 1,568 	 1,760
User 3852 	 10 	 0,876 	 1,021
User 3850 	 10 	 0,759 	 0,867
User 3851 	 10 	 1,270 	 1,613
User 3853 	 10 	 1,536 	 1,615
User 3856 	 10 	 1,071 	 1,137
User 3854 	 10 	 0,380 	 0,540
User 3855 	 10 	 0,403 	 0,543
User 3857 	 10 	 0,900 	 0,944
User 3858 	 10 	 0,849 	 0,995
User 3860 	 10 	 0,700 	 0,910
User 3859 	 10 	 0,400 	 0,584
User 3861 	 10 	 0,700 	 0,846
User 3862 	 10 	 0,930 	 1,324
User 3863 	 10 	 0,694 	 0,953
User 3865 	 10 	 1,100 	 1,488
User 3864 	 10 	 1,492 	 1,608
User 3867 	 10 	 0,523 	 0,667
User 3866 	 10 	 0,707 	 0,852
User 3870 	 10 	 0,920 	 1,237
User 3868 	 10 	 0,958 	 1,130
User 3869 	 10 	 0,845 	 1,060
User 3871 	 10 	 0,873 	 1,055
User 3872 	 10 	 0,526 	 0,663
User 3877 	 10 	 0,665 	 0,746
User 3873 	 10 	 0,807 	 0,841
User 3875 	 10 	 0,558 	 0,702
User 3874 	 10 	 1,330 	 1,508
User 3876 	 10 	 0,978 	 1,359
User 3879 	 10 	 0,805 	 1,024
User 3878 	 10 	 0,708 	 1,152
User 3883 	 10 	 1,469 	 1,645
User 3882 	 10 	 1,069 	 1,397
User 3881 	 10 	 0,700 	 0,795
User 3880 	 10 	 0,825 	 0,944
User 3884 	 10 	 1,217 	 1,350
User 3885 	 10 	 1,034 	 1,251
User 3886 	 10 	 0,959 	 1,188
User 3887 	 10 	 0,824 	 1,039
User 3888 	 10 	 0,943 	 1,255
User 3889 	 10 	 0,575 	 0,684
User 3890 	 10 	 0,739 	 0,801
User 3893 	 10 	 1,527 	 1,836
User 3891 	 10 	 0,700 	 0,800
User 3892 	 10 	 1,165 	 1,322
User 3897 	 10 	 0,721 	 0,943
User 3895 	 10 	 1,146 	 1,309
User 3894 	 10 	 0,589 	 0,883
User 3896 	 10 	 0,796 	 1,278
User 3902 	 10 	 0,803 	 0,803
User 3898 	 10 	 0,416 	 0,592
User 3899 	 10 	 0,672 	 0,928
User 3900 	 10 	 0,900 	 1,009
User 3901 	 10 	 0,632 	 1,024
User 3903 	 10 	 1,337 	 1,604
User 3904 	 10 	 0,700 	 0,799
User 3905 	 10 	 0,875 	 1,020
User 3906 	 10 	 0,691 	 0,827
User 3907 	 10 	 1,058 	 1,240
User 3908 	 10 	 1,069 	 1,397
User 3911 	 10 	 1,394 	 1,781
User 3909 	 10 	 0,956 	 1,343
User 3910 	 10 	 0,662 	 0,790
User 3915 	 10 	 1,200 	 1,502
User 3912 	 10 	 0,946 	 1,229
User 3913 	 10 	 0,906 	 0,915
User 3918 	 10 	 1,542 	 1,761
User 3914 	 10 	 0,659 	 0,906
User 3916 	 10 	 0,929 	 1,130
User 3917 	 10 	 0,721 	 0,971
User 3919 	 10 	 0,700 	 0,804
User 3920 	 10 	 0,350 	 0,490
User 3921 	 10 	 0,356 	 0,486
User 3924 	 10 	 0,600 	 0,721
User 3922 	 10 	 1,528 	 1,676
User 3923 	 10 	 0,963 	 1,349
User 3926 	 10 	 0,891 	 1,320
User 3925 	 10 	 0,725 	 0,944
User 3928 	 10 	 0,992 	 1,214
User 3927 	 10 	 0,630 	 0,750
User 3932 	 10 	 0,830 	 1,011
User 3929 	 10 	 0,660 	 0,873
User 3933 	 10 	 0,700 	 0,793
User 3930 	 10 	 0,428 	 0,554
User 3931 	 10 	 0,689 	 0,825
User 3934 	 10 	 0,900 	 1,075
User 3936 	 10 	 0,800 	 0,980
User 3935 	 10 	 0,528 	 0,699
User 3939 	 10 	 0,826 	 1,009
User 3937 	 10 	 0,454 	 0,604
User 3938 	 10 	 0,800 	 0,982
User 3941 	 10 	 1,222 	 1,478
User 3940 	 10 	 0,731 	 0,945
User 3943 	 10 	 0,631 	 0,750
User 3944 	 10 	 1,019 	 1,237
User 3942 	 10 	 0,910 	 1,086
User 3945 	 10 	 0,400 	 0,632
User 3946 	 10 	 1,311 	 1,458
User 3947 	 10 	 0,745 	 1,155
User 3948 	 10 	 0,753 	 0,863
User 3949 	 10 	 0,434 	 0,542
User 3950 	 10 	 0,890 	 1,069
User 3951 	 10 	 0,459 	 0,602
User 3952 	 10 	 0,472 	 0,600
User 3953 	 10 	 1,016 	 1,092
User 3954 	 10 	 0,963 	 1,192
User 3956 	 10 	 0,777 	 1,181
User 3955 	 10 	 0,872 	 1,229
User 3959 	 10 	 1,704 	 1,986
User 3957 	 10 	 0,760 	 0,976
User 3960 	 10 	 0,873 	 1,018
User 3958 	 10 	 1,400 	 1,600
User 3962 	 10 	 0,623 	 1,113
User 3961 	 10 	 0,550 	 0,831
User 3964 	 10 	 0,689 	 0,826
User 3963 	 10 	 1,412 	 1,529
User 3965 	 10 	 0,364 	 0,479
User 3969 	 10 	 0,701 	 0,957
User 3966 	 10 	 0,821 	 1,129
User 3967 	 10 	 1,206 	 1,334
User 3968 	 10 	 0,651 	 0,785
User 3972 	 10 	 0,516 	 0,712
User 3970 	 10 	 0,890 	 1,320
User 3971 	 10 	 1,000 	 1,183
User 3973 	 10 	 0,702 	 1,057
User 3974 	 10 	 0,762 	 0,977
User 3975 	 10 	 0,813 	 1,209
User 3977 	 10 	 0,503 	 0,684
User 3980 	 10 	 1,234 	 1,419
User 3976 	 10 	 1,179 	 1,517
User 3978 	 10 	 0,730 	 0,792
User 3979 	 10 	 0,887 	 0,891
User 3981 	 10 	 1,233 	 1,487
User 3982 	 10 	 0,810 	 1,028
User 3983 	 10 	 0,848 	 1,063
User 3984 	 10 	 0,486 	 0,649
User 3986 	 10 	 0,889 	 1,160
User 3985 	 10 	 0,511 	 0,821
User 3987 	 10 	 1,002 	 1,302
User 3988 	 10 	 0,632 	 0,749
User 3989 	 10 	 0,959 	 1,100
User 3990 	 10 	 0,775 	 0,847
User 3991 	 10 	 1,338 	 1,533
User 3992 	 10 	 0,745 	 0,983
User 3993 	 10 	 0,830 	 1,078
User 3994 	 10 	 0,580 	 0,738
User 3995 	 10 	 0,662 	 0,908
User 3996 	 10 	 0,700 	 0,913
User 3998 	 10 	 1,342 	 1,434
User 3997 	 10 	 1,100 	 1,394
User 3999 	 10 	 1,120 	 1,217
User 4000 	 10 	 0,673 	 0,764
User 4001 	 10 	 0,971 	 1,237
User 4002 	 10 	 0,623 	 0,753
User 4003 	 10 	 0,750 	 0,970
User 4008 	 10 	 0,888 	 1,321
User 4004 	 10 	 1,301 	 1,571
User 4005 	 10 	 0,827 	 0,905
User 4006 	 10 	 0,761 	 0,868
User 4007 	 10 	 0,837 	 0,980
User 4010 	 10 	 0,487 	 0,668
User 4011 	 10 	 1,348 	 1,698
User 4009 	 10 	 0,964 	 1,421
User 4012 	 10 	 1,100 	 1,320
User 4017 	 10 	 1,547 	 1,824
User 4013 	 10 	 1,471 	 1,566
User 4015 	 10 	 0,809 	 0,925
User 4014 	 10 	 0,849 	 1,210
User 4016 	 10 	 0,725 	 0,957
User 4019 	 10 	 0,725 	 0,831
User 4018 	 10 	 0,681 	 0,934
User 4025 	 10 	 0,990 	 1,298
User 4020 	 10 	 0,683 	 0,821
User 4021 	 10 	 1,641 	 1,770
User 4022 	 10 	 1,025 	 1,205
User 4023 	 10 	 1,348 	 1,698
User 4024 	 10 	 1,427 	 1,783
User 4026 	 10 	 0,584 	 0,740
User 4027 	 10 	 0,647 	 0,729
User 4031 	 10 	 0,658 	 0,752
User 4028 	 10 	 2,000 	 2,005
User 4029 	 10 	 0,627 	 0,802
User 4030 	 10 	 0,517 	 0,692
User 4032 	 10 	 0,758 	 0,827
User 4033 	 10 	 1,220 	 1,349
User 4038 	 10 	 0,568 	 0,704
User 4034 	 10 	 0,574 	 0,680
User 4035 	 10 	 1,047 	 1,382
User 4037 	 10 	 0,927 	 1,243
User 4036 	 10 	 1,003 	 1,141
User 4039 	 10 	 0,323 	 0,682
User 4040 	 10 	 0,573 	 0,860
User 4041 	 10 	 0,720 	 0,849
User 4045 	 10 	 1,047 	 1,382
User 4044 	 10 	 0,700 	 0,801
User 4042 	 10 	 0,714 	 0,857
User 4043 	 10 	 0,352 	 0,533
User 4046 	 10 	 0,705 	 1,067
User 4047 	 10 	 0,914 	 1,024
User 4048 	 10 	 0,858 	 1,026
User 4049 	 10 	 0,497 	 0,680
User 4052 	 10 	 0,850 	 0,995
User 4051 	 10 	 1,221 	 1,407
User 4050 	 10 	 0,573 	 0,675
User 4053 	 10 	 0,625 	 0,904
User 4056 	 10 	 2,133 	 2,495
User 4054 	 10 	 0,600 	 0,749
User 4055 	 10 	 0,837 	 1,134
User 4057 	 10 	 1,036 	 1,471
User 4061 	 10 	 1,406 	 1,593
User 4059 	 10 	 1,333 	 1,593
User 4058 	 10 	 1,206 	 1,348
User 4060 	 10 	 0,560 	 0,832
User 4062 	 10 	 0,562 	 0,832
User 4065 	 10 	 0,627 	 0,751
User 4063 	 10 	 0,844 	 1,028
User 4068 	 10 	 0,601 	 0,750
User 4064 	 10 	 1,120 	 1,316
User 4069 	 10 	 0,766 	 0,980
User 4067 	 10 	 1,154 	 1,433
User 4066 	 10 	 1,137 	 1,301
User 4073 	 10 	 0,508 	 0,836
User 4074 	 10 	 0,955 	 1,484
User 4070 	 10 	 0,674 	 0,766
User 4071 	 10 	 0,600 	 0,716
User 4072 	 10 	 0,854 	 1,035
User 4076 	 10 	 0,655 	 0,905
User 4075 	 10 	 0,598 	 0,994
User 4077 	 10 	 0,658 	 0,788
User 4078 	 10 	 1,300 	 1,483
User 4079 	 10 	 0,733 	 0,792
User 4080 	 10 	 0,600 	 0,717
User 4081 	 10 	 0,826 	 1,190
User 4082 	 10 	 0,503 	 0,817
User 4083 	 10 	 1,029 	 1,296
User 4084 	 10 	 0,500 	 0,624
User 4085 	 10 	 0,805 	 0,899
User 4086 	 10 	 1,709 	 1,825
User 4087 	 10 	 1,310 	 1,754
User 4088 	 10 	 0,721 	 0,980
User 4089 	 10 	 0,928 	 1,073
User 4090 	 10 	 0,850 	 1,032
User 4092 	 10 	 0,726 	 0,975
User 4091 	 10 	 0,883 	 1,459
User 4093 	 10 	 0,700 	 0,798
User 4094 	 10 	 1,477 	 1,547
User 4095 	 10 	 0,628 	 0,874
User 4097 	 10 	 0,846 	 1,288
User 4100 	 10 	 0,355 	 0,487
User 4096 	 10 	 0,822 	 1,129
User 4098 	 10 	 0,957 	 1,268
User 4099 	 10 	 0,353 	 0,488
User 4102 	 10 	 1,466 	 1,852
User 4105 	 10 	 1,328 	 1,525
User 4106 	 10 	 1,430 	 1,674
User 4101 	 10 	 0,756 	 0,974
User 4103 	 10 	 0,854 	 1,214
User 4104 	 10 	 0,586 	 0,741
User 4108 	 10 	 0,700 	 0,800
User 4110 	 10 	 1,106 	 1,293
User 4109 	 10 	 0,888 	 1,159
User 4107 	 10 	 1,174 	 1,272
User 4111 	 10 	 0,745 	 0,891
User 4113 	 10 	 1,232 	 1,681
User 4112 	 10 	 1,258 	 1,394
User 4114 	 10 	 0,655 	 0,787
User 4115 	 10 	 1,190 	 1,256
User 4116 	 10 	 0,832 	 1,011
User 4117 	 10 	 0,661 	 0,789
User 4118 	 10 	 0,700 	 0,802
User 4119 	 10 	 1,328 	 1,502
User 4120 	 10 	 1,297 	 1,577
User 4121 	 10 	 0,739 	 0,800
User 4125 	 10 	 2,111 	 2,473
User 4122 	 10 	 0,558 	 0,701
User 4123 	 10 	 1,163 	 1,297
User 4124 	 10 	 1,048 	 1,144
User 4127 	 10 	 0,417 	 0,592
User 4128 	 10 	 0,475 	 0,645
User 4129 	 10 	 1,222 	 1,517
User 4126 	 10 	 0,756 	 0,865
User 4131 	 10 	 1,220 	 1,374
User 4130 	 10 	 0,764 	 0,978
User 4136 	 10 	 0,786 	 0,815
User 4132 	 10 	 0,576 	 0,684
User 4133 	 10 	 1,090 	 1,484
User 4134 	 10 	 0,878 	 1,233
User 4135 	 10 	 0,500 	 0,620
User 4137 	 10 	 0,600 	 0,715
User 4142 	 10 	 1,365 	 1,598
User 4143 	 10 	 0,750 	 0,815
User 4138 	 10 	 0,383 	 0,540
User 4139 	 10 	 0,858 	 1,039
User 4140 	 10 	 0,815 	 1,070
User 4145 	 10 	 0,672 	 0,762
User 4141 	 10 	 0,631 	 0,750
User 4144 	 10 	 0,302 	 0,465
User 4146 	 10 	 0,790 	 1,189
User 4147 	 10 	 0,500 	 0,610
User 4151 	 10 	 0,514 	 0,691
User 4148 	 10 	 0,781 	 0,894
User 4149 	 10 	 0,567 	 0,731
User 4150 	 10 	 1,003 	 1,098
User 4152 	 10 	 1,000 	 1,009
User 4154 	 10 	 0,500 	 0,614
User 4153 	 10 	 0,824 	 1,189
User 4158 	 10 	 0,973 	 1,021
User 4155 	 10 	 0,653 	 0,786
User 4157 	 10 	 1,390 	 1,537
User 4156 	 10 	 0,319 	 0,471
User 4159 	 10 	 0,628 	 0,751
User 4160 	 10 	 0,895 	 1,399
User 4163 	 10 	 0,963 	 1,190
User 4161 	 10 	 1,664 	 1,863
User 4166 	 10 	 0,828 	 1,009
User 4164 	 10 	 0,789 	 1,188
User 4162 	 10 	 0,525 	 0,663
User 4165 	 10 	 0,423 	 0,566
User 4167 	 10 	 0,731 	 0,984
User 4168 	 10 	 0,574 	 0,678
User 4169 	 10 	 1,109 	 1,355
User 4172 	 10 	 0,500 	 0,623
User 4170 	 10 	 0,525 	 0,664
User 4173 	 10 	 0,731 	 0,833
User 4174 	 10 	 0,700 	 0,807
User 4171 	 10 	 0,985 	 1,526
User 4176 	 10 	 0,707 	 0,759
User 4178 	 10 	 0,467 	 0,642
User 4175 	 10 	 1,077 	 1,404
User 4177 	 10 	 0,500 	 0,616
User 4180 	 10 	 0,922 	 1,186
User 4179 	 10 	 0,828 	 0,905
User 4184 	 10 	 0,957 	 1,295
User 4181 	 10 	 1,327 	 1,588
User 4182 	 10 	 0,500 	 0,630
User 4185 	 10 	 1,066 	 1,321
User 4183 	 10 	 1,212 	 1,540
User 4189 	 10 	 0,764 	 0,841
User 4187 	 10 	 0,722 	 0,781
User 4188 	 10 	 0,794 	 1,191
User 4192 	 10 	 1,493 	 1,640
User 4191 	 10 	 0,832 	 1,013
User 4186 	 10 	 1,227 	 1,418
User 4190 	 10 	 1,226 	 1,676
User 4196 	 10 	 0,949 	 1,090
User 4197 	 10 	 0,432 	 0,546
User 4193 	 10 	 0,510 	 0,689
User 4194 	 10 	 0,875 	 1,020
User 4198 	 10 	 0,503 	 0,684
User 4195 	 10 	 0,659 	 0,752
User 4201 	 10 	 0,868 	 1,014
User 4199 	 10 	 0,683 	 0,935
User 4202 	 10 	 1,099 	 1,346
User 4200 	 10 	 0,321 	 0,513
User 4205 	 10 	 0,755 	 0,864
User 4206 	 10 	 0,630 	 0,696
User 4203 	 10 	 0,722 	 0,831
User 4204 	 10 	 0,573 	 0,675
User 4209 	 10 	 0,538 	 0,700
User 4208 	 10 	 0,668 	 0,753
User 4207 	 10 	 1,000 	 1,106
User 4211 	 10 	 1,165 	 1,440
User 4210 	 10 	 1,130 	 1,346
User 4216 	 10 	 1,000 	 1,351
User 4212 	 10 	 0,664 	 0,791
User 4214 	 10 	 0,410 	 0,589
User 4213 	 10 	 0,524 	 0,665
User 4215 	 10 	 0,743 	 0,856
User 4217 	 10 	 0,374 	 0,539
User 4218 	 10 	 0,780 	 1,264
User 4219 	 10 	 0,629 	 0,750
User 4220 	 10 	 0,927 	 1,103
User 4221 	 10 	 0,877 	 1,202
User 4222 	 10 	 0,478 	 0,646
User 4223 	 10 	 0,681 	 0,820
User 4226 	 10 	 1,023 	 1,208
User 4225 	 10 	 0,806 	 1,025
User 4224 	 10 	 0,871 	 1,017
User 4230 	 10 	 0,654 	 0,786
User 4228 	 10 	 1,315 	 1,763
User 4227 	 10 	 1,634 	 2,078
User 4229 	 10 	 0,946 	 1,026
User 4231 	 10 	 1,055 	 1,236
User 4232 	 10 	 0,895 	 1,165
User 4233 	 10 	 0,615 	 0,779
User 4234 	 10 	 0,439 	 0,777
User 4236 	 10 	 0,975 	 1,251
User 4235 	 10 	 0,628 	 0,874
User 4237 	 10 	 0,529 	 0,659
User 4238 	 10 	 0,978 	 1,154
User 4239 	 10 	 0,648 	 0,784
User 4244 	 10 	 1,040 	 1,178
User 4240 	 10 	 0,731 	 0,832
User 4241 	 10 	 0,648 	 0,731
User 4242 	 10 	 0,633 	 0,749
User 4243 	 10 	 0,308 	 0,467
User 4246 	 10 	 0,707 	 0,951
User 4245 	 10 	 0,959 	 1,345
User 4247 	 10 	 1,322 	 1,705
User 4248 	 10 	 0,729 	 0,832
User 4249 	 10 	 1,030 	 1,218
User 4255 	 10 	 0,671 	 0,760
User 4252 	 10 	 1,481 	 1,813
User 4250 	 10 	 0,500 	 0,618
User 4251 	 10 	 0,916 	 1,093
User 4254 	 10 	 0,773 	 0,843
User 4256 	 10 	 0,797 	 1,018
User 4259 	 10 	 0,755 	 0,864
User 4253 	 10 	 0,335 	 0,522
User 4257 	 10 	 1,229 	 1,612
User 4262 	 10 	 0,893 	 0,974
User 4258 	 10 	 0,731 	 0,832
User 4264 	 10 	 0,934 	 1,079
User 4260 	 10 	 0,913 	 1,262
User 4261 	 10 	 0,973 	 1,251
User 4263 	 10 	 0,873 	 1,054
User 4265 	 10 	 0,763 	 0,978
User 4270 	 10 	 1,116 	 1,213
User 4267 	 10 	 0,968 	 1,351
User 4266 	 10 	 1,110 	 1,277
User 4268 	 10 	 1,420 	 1,628
User 4269 	 10 	 1,161 	 1,636
User 4273 	 10 	 0,654 	 0,743
User 4272 	 10 	 0,810 	 1,028
User 4271 	 10 	 2,199 	 2,405
User 4275 	 10 	 0,915 	 1,339
User 4274 	 10 	 1,303 	 1,582
User 4276 	 10 	 0,401 	 0,543
User 4278 	 10 	 0,662 	 0,908
User 4277 	 10 	 1,036 	 1,214
User 4282 	 10 	 1,265 	 1,556
User 4279 	 10 	 0,702 	 0,848
User 4280 	 10 	 0,981 	 1,206
User 4281 	 10 	 0,864 	 1,044
User 4283 	 10 	 0,800 	 0,980
User 4288 	 10 	 0,443 	 0,607
User 4284 	 10 	 1,505 	 1,770
User 4285 	 10 	 1,158 	 1,304
User 4286 	 10 	 0,775 	 1,179
User 4287 	 10 	 1,052 	 1,548
User 4289 	 10 	 0,767 	 0,989
User 4290 	 10 	 1,000 	 1,189
User 4293 	 10 	 0,858 	 1,003
User 4295 	 10 	 1,570 	 1,872
User 4291 	 10 	 1,028 	 1,295
User 4292 	 10 	 1,200 	 1,570
User 4294 	 10 	 1,350 	 1,579
User 4296 	 10 	 0,926 	 0,971
User 4297 	 10 	 0,552 	 0,701
User 4301 	 10 	 0,927 	 1,070
User 4300 	 10 	 1,019 	 1,389
User 4298 	 10 	 0,627 	 0,751
User 4299 	 10 	 1,000 	 1,272
User 4304 	 10 	 0,525 	 0,663
User 4302 	 10 	 0,593 	 0,745
User 4303 	 10 	 0,757 	 0,865
User 4305 	 10 	 0,318 	 0,471
User 4306 	 10 	 0,630 	 0,750
User 4307 	 10 	 0,874 	 0,916
User 4308 	 10 	 1,223 	 1,409
User 4309 	 10 	 0,448 	 0,641
User 4310 	 10 	 0,628 	 0,751
User 4311 	 10 	 1,612 	 1,812
User 4314 	 10 	 1,064 	 1,163
User 4312 	 10 	 0,809 	 0,924
User 4313 	 10 	 0,724 	 0,831
User 4315 	 10 	 0,771 	 0,840
User 4317 	 10 	 1,123 	 1,543
User 4316 	 10 	 1,204 	 1,534
User 4319 	 10 	 0,634 	 0,749
User 4318 	 10 	 0,624 	 0,904
User 4321 	 10 	 0,521 	 0,669
User 4320 	 10 	 0,672 	 0,761
User 4325 	 10 	 1,560 	 1,825
User 4324 	 10 	 0,800 	 1,170
User 4322 	 10 	 0,930 	 1,349
User 4323 	 10 	 1,094 	 1,188
User 4326 	 10 	 1,100 	 1,420
User 4332 	 10 	 1,058 	 1,239
User 4330 	 10 	 0,714 	 0,974
User 4331 	 10 	 1,014 	 1,385
User 4327 	 10 	 0,626 	 0,752
User 4328 	 10 	 1,011 	 1,383
User 4329 	 10 	 0,900 	 1,223
User 4333 	 10 	 0,643 	 0,782
User 4338 	 10 	 0,703 	 0,836
User 4336 	 10 	 0,923 	 1,066
User 4334 	 10 	 0,811 	 1,121
User 4340 	 10 	 0,751 	 1,069
User 4335 	 10 	 0,690 	 0,826
User 4337 	 10 	 0,700 	 0,802
User 4339 	 10 	 1,666 	 1,989
User 4341 	 10 	 0,786 	 1,186
User 4348 	 10 	 0,733 	 0,791
User 4342 	 10 	 0,800 	 0,983
User 4343 	 10 	 1,074 	 1,401
User 4344 	 10 	 1,152 	 1,499
User 4346 	 10 	 0,811 	 0,926
User 4345 	 10 	 0,675 	 0,840
User 4347 	 10 	 0,457 	 0,647
User 4349 	 10 	 2,143 	 2,365
User 4350 	 10 	 0,650 	 0,784
User 4351 	 10 	 0,700 	 0,800
User 4353 	 10 	 0,525 	 0,663
User 4352 	 10 	 0,807 	 0,991
User 4355 	 10 	 1,046 	 1,478
User 4354 	 10 	 1,959 	 2,259
User 4357 	 10 	 0,843 	 0,882
User 4358 	 10 	 1,335 	 1,583
User 4356 	 10 	 0,678 	 0,932
User 4365 	 10 	 2,096 	 2,299
User 4360 	 10 	 1,286 	 1,394
User 4362 	 10 	 0,830 	 1,224
User 4359 	 10 	 0,961 	 1,271
User 4361 	 10 	 1,100 	 1,396
User 4366 	 10 	 0,727 	 0,944
User 4363 	 10 	 0,672 	 0,762
User 4364 	 10 	 1,218 	 1,405
User 4372 	 10 	 0,421 	 0,573
User 4369 	 10 	 0,560 	 0,855
User 4367 	 10 	 0,648 	 0,903
User 4370 	 10 	 0,890 	 1,242
User 4371 	 10 	 0,756 	 0,973
User 4368 	 10 	 0,806 	 1,118
User 4373 	 10 	 0,646 	 0,902
User 4374 	 10 	 0,700 	 0,795
User 4375 	 10 	 0,392 	 0,580
User 4377 	 10 	 0,875 	 1,056
User 4376 	 10 	 0,384 	 0,540
User 4378 	 10 	 0,797 	 1,112
User 4379 	 10 	 1,287 	 1,433
User 4380 	 10 	 0,630 	 0,750
User 4383 	 10 	 1,255 	 1,543
User 4381 	 10 	 1,256 	 1,546
User 4385 	 10 	 0,962 	 1,102
User 4382 	 10 	 1,584 	 1,957
User 4384 	 10 	 0,586 	 0,759
User 4386 	 10 	 1,299 	 1,514
User 4391 	 10 	 0,816 	 1,125
User 4392 	 10 	 1,000 	 1,272
User 4387 	 10 	 0,513 	 0,822
User 4388 	 10 	 0,603 	 0,874
User 4389 	 10 	 0,821 	 1,036
User 4393 	 10 	 0,869 	 1,015
User 4390 	 10 	 0,780 	 0,893
User 4394 	 10 	 0,795 	 1,017
User 4398 	 10 	 0,800 	 1,167
User 4396 	 10 	 0,589 	 0,761
User 4400 	 10 	 0,536 	 0,651
User 4395 	 10 	 1,074 	 1,250
User 4397 	 10 	 0,931 	 0,978
User 4399 	 10 	 0,703 	 0,959
User 4401 	 10 	 0,775 	 1,091
User 4402 	 10 	 1,026 	 1,212
User 4403 	 10 	 0,652 	 0,786
User 4404 	 10 	 0,992 	 1,294
User 4405 	 10 	 0,678 	 0,776
User 4406 	 10 	 1,168 	 1,507
User 4407 	 10 	 0,913 	 1,179
User 4408 	 10 	 0,800 	 0,873
User 4410 	 10 	 0,621 	 0,754
User 4413 	 10 	 0,305 	 0,466
User 4409 	 10 	 0,626 	 0,875
User 4411 	 10 	 0,561 	 0,832
User 4412 	 10 	 1,039 	 1,539
User 4419 	 10 	 1,136 	 1,516
User 4414 	 10 	 0,522 	 0,668
User 4415 	 10 	 1,056 	 1,390
User 4416 	 10 	 0,725 	 0,944
User 4417 	 10 	 0,663 	 0,908
User 4421 	 10 	 0,598 	 0,888
User 4418 	 10 	 0,851 	 1,211
User 4420 	 10 	 0,655 	 0,746
User 4427 	 10 	 1,066 	 1,223
User 4423 	 10 	 0,366 	 0,539
User 4422 	 10 	 0,832 	 1,013
User 4424 	 10 	 0,458 	 0,603
User 4426 	 10 	 0,732 	 0,988
User 4428 	 10 	 0,950 	 1,338
User 4429 	 10 	 0,700 	 0,800
User 4425 	 10 	 0,592 	 0,744
User 4431 	 10 	 1,440 	 1,781
User 4432 	 10 	 0,600 	 0,711
User 4430 	 10 	 1,850 	 2,058
User 4434 	 10 	 0,888 	 1,157
User 4435 	 10 	 0,588 	 0,742
User 4433 	 10 	 0,684 	 0,822
User 4436 	 10 	 0,781 	 1,000
User 4437 	 10 	 0,724 	 0,974
User 4439 	 10 	 0,991 	 1,293
User 4441 	 10 	 1,500 	 1,798
User 4442 	 10 	 0,800 	 1,014
User 4438 	 10 	 0,642 	 0,814
User 4440 	 10 	 0,906 	 1,173
User 4443 	 10 	 0,898 	 1,329
User 4444 	 10 	 0,854 	 1,035
User 4445 	 10 	 1,453 	 1,798
User 4446 	 10 	 1,122 	 1,503
User 4447 	 10 	 1,129 	 1,369
User 4448 	 10 	 0,744 	 0,857
User 4450 	 10 	 1,112 	 1,358
User 4449 	 10 	 0,452 	 0,604
User 4451 	 10 	 1,836 	 1,995
User 4453 	 10 	 0,926 	 1,103
User 4452 	 10 	 1,000 	 1,272
User 4455 	 10 	 0,663 	 0,790
User 4454 	 10 	 1,484 	 1,817
User 4456 	 10 	 1,128 	 1,266
User 4457 	 10 	 0,755 	 0,823
User 4458 	 10 	 0,839 	 1,056
User 4463 	 10 	 0,632 	 0,873
User 4459 	 10 	 0,948 	 1,178
User 4464 	 10 	 0,971 	 1,050
User 4462 	 10 	 0,952 	 1,263
User 4460 	 10 	 1,124 	 1,508
User 4461 	 10 	 0,600 	 0,717
User 4465 	 10 	 0,852 	 1,126
User 4469 	 10 	 0,800 	 0,879
User 4466 	 10 	 0,531 	 0,723
User 4467 	 10 	 0,640 	 0,927
User 4468 	 10 	 0,819 	 0,854
User 4470 	 10 	 0,729 	 0,832
User 4471 	 10 	 0,684 	 0,936
User 4472 	 10 	 0,403 	 0,585
User 4474 	 10 	 0,632 	 0,749
User 4475 	 10 	 0,900 	 1,044
User 4473 	 10 	 0,913 	 1,261
User 4476 	 10 	 1,624 	 1,846
User 4479 	 10 	 0,760 	 0,867
User 4477 	 10 	 1,530 	 1,902
User 4478 	 10 	 0,721 	 0,862
User 4480 	 10 	 1,099 	 1,270
User 4481 	 10 	 0,827 	 1,041
No estimation
User 4486 	 10 	 1,100 	 1,140
User 4482 	 10 	 1,114 	 1,234
User 4483 	 10 	 1,539 	 1,615
User 4484 	 10 	 0,874 	 1,200
User 4485 	 10 	 0,591 	 0,763
User 4487 	 10 	 0,740 	 1,260
User 4488 	 10 	 1,197 	 1,398
User 4492 	 10 	 0,731 	 0,833
User 4489 	 10 	 1,000 	 1,101
User 4490 	 10 	 0,951 	 0,996
User 4493 	 10 	 1,925 	 2,278
User 4491 	 10 	 1,085 	 1,546
User 4494 	 10 	 0,500 	 0,627
User 4495 	 10 	 1,128 	 1,415
User 4500 	 10 	 1,417 	 1,626
User 4496 	 10 	 0,480 	 0,646
User 4497 	 10 	 1,177 	 1,448
User 4498 	 10 	 1,470 	 1,745
User 4499 	 10 	 0,824 	 0,902
User 4501 	 10 	 0,722 	 0,943
User 4503 	 10 	 0,800 	 0,874
User 4504 	 10 	 1,001 	 1,250
User 4502 	 10 	 0,680 	 0,819
User 4505 	 10 	 0,424 	 0,565
User 4506 	 10 	 0,428 	 0,555
User 4508 	 10 	 1,403 	 1,549
User 4507 	 10 	 0,378 	 0,539
User 4510 	 10 	 0,923 	 1,319
User 4509 	 10 	 0,582 	 0,739
User 4511 	 10 	 0,549 	 0,700
User 4515 	 10 	 0,640 	 0,716
User 4512 	 10 	 0,487 	 0,649
User 4513 	 10 	 0,779 	 0,998
User 4514 	 10 	 0,680 	 1,035
User 4516 	 10 	 0,676 	 0,771
User 4519 	 10 	 0,823 	 1,007
User 4518 	 10 	 0,744 	 0,807
User 4517 	 10 	 0,915 	 1,180
User 4520 	 10 	 0,656 	 0,787
User 4525 	 10 	 1,024 	 1,124
User 4521 	 10 	 1,180 	 1,518
User 4522 	 10 	 0,636 	 0,924
User 4527 	 10 	 1,167 	 1,377
User 4523 	 10 	 1,000 	 1,108
User 4524 	 10 	 0,573 	 0,860
User 4526 	 10 	 1,066 	 1,159
User 4529 	 10 	 0,624 	 0,752
User 4528 	 10 	 0,837 	 1,308
User 4530 	 10 	 0,439 	 0,635
User 4531 	 10 	 1,274 	 1,419
User 4532 	 10 	 0,926 	 1,158
User 4533 	 10 	 0,800 	 0,981
User 4534 	 10 	 0,506 	 0,686
User 4537 	 10 	 0,589 	 0,867
User 4536 	 10 	 0,627 	 0,751
User 4535 	 10 	 0,806 	 0,922
User 4538 	 10 	 1,686 	 1,940
User 4542 	 10 	 0,853 	 1,035
User 4539 	 10 	 2,749 	 2,828
User 4540 	 10 	 0,518 	 0,825
User 4544 	 10 	 0,760 	 0,976
User 4541 	 10 	 1,624 	 1,878
User 4545 	 10 	 0,900 	 1,044
User 4548 	 10 	 1,152 	 1,424
User 4549 	 10 	 0,884 	 1,063
User 4547 	 10 	 1,550 	 1,855
User 4543 	 10 	 0,664 	 0,791
User 4546 	 10 	 0,450 	 0,605
User 4550 	 10 	 0,547 	 0,734
User 4551 	 10 	 0,800 	 0,984
User 4554 	 10 	 1,091 	 1,416
User 4553 	 10 	 1,217 	 1,544
User 4558 	 10 	 0,600 	 0,713
User 4552 	 10 	 0,898 	 1,165
User 4555 	 10 	 1,181 	 1,645
User 4556 	 10 	 0,690 	 0,950
User 4557 	 10 	 0,670 	 0,927
User 4559 	 10 	 0,879 	 0,921
User 4564 	 10 	 0,649 	 0,784
User 4561 	 10 	 0,537 	 0,650
User 4560 	 10 	 0,783 	 1,001
User 4562 	 10 	 1,332 	 1,654
User 4563 	 10 	 0,726 	 0,944
User 4565 	 10 	 0,800 	 0,983
User 4566 	 10 	 0,807 	 1,200
User 4570 	 10 	 0,862 	 1,074
User 4567 	 10 	 0,950 	 1,261
User 4569 	 10 	 0,928 	 1,161
User 4568 	 10 	 0,997 	 1,220
User 4571 	 10 	 0,629 	 0,750
User 4572 	 10 	 0,352 	 0,488
User 4576 	 10 	 0,755 	 0,890
User 4574 	 10 	 0,943 	 1,255
User 4573 	 10 	 0,682 	 0,935
User 4575 	 10 	 1,900 	 2,172
User 4577 	 10 	 0,839 	 1,056
User 4578 	 10 	 0,665 	 1,107
User 4583 	 10 	 1,258 	 1,672
User 4579 	 10 	 0,729 	 0,869
User 4580 	 10 	 0,725 	 0,831
User 4581 	 10 	 0,869 	 1,048
User 4582 	 10 	 0,349 	 0,492
User 4584 	 10 	 0,811 	 0,844
User 4586 	 10 	 0,948 	 1,337
User 4587 	 10 	 1,294 	 1,628
User 4585 	 10 	 0,568 	 0,703
User 4588 	 10 	 0,732 	 0,833
User 4589 	 10 	 0,786 	 0,814
User 4590 	 10 	 0,298 	 0,464
User 4591 	 10 	 1,129 	 1,485
User 4592 	 10 	 1,377 	 1,717
User 4594 	 10 	 0,677 	 0,774
User 4597 	 10 	 0,912 	 1,260
User 4595 	 10 	 0,650 	 0,735
User 4593 	 10 	 1,234 	 1,488
User 4596 	 10 	 0,809 	 1,027
User 4598 	 10 	 0,800 	 0,873
User 4599 	 10 	 0,599 	 0,872
User 4603 	 10 	 0,856 	 1,037
User 4600 	 10 	 0,897 	 0,977
User 4601 	 10 	 0,528 	 0,700
User 4602 	 10 	 1,190 	 1,522
User 4604 	 10 	 1,509 	 1,774
User 4605 	 10 	 0,751 	 1,068
User 4606 	 10 	 1,132 	 1,221
User 4607 	 10 	 0,579 	 0,737
User 4608 	 10 	 1,155 	 1,502
User 4612 	 10 	 0,857 	 0,936
User 4609 	 10 	 1,018 	 1,151
User 4614 	 10 	 0,451 	 0,757
User 4610 	 10 	 0,927 	 1,104
User 4611 	 10 	 0,990 	 1,214
User 4613 	 10 	 0,529 	 0,659
User 4616 	 10 	 1,200 	 1,442
User 4615 	 10 	 1,214 	 1,542
User 4617 	 10 	 1,010 	 1,308
User 4622 	 10 	 0,775 	 0,995
User 4618 	 10 	 0,980 	 1,119
User 4619 	 10 	 1,191 	 1,461
User 4620 	 10 	 0,433 	 0,631
User 4621 	 10 	 1,025 	 1,366
User 4623 	 10 	 0,977 	 1,202
User 4628 	 10 	 0,550 	 0,737
User 4624 	 10 	 0,926 	 1,158
User 4627 	 10 	 0,628 	 0,751
User 4625 	 10 	 1,294 	 1,695
User 4629 	 10 	 1,277 	 1,619
User 4626 	 10 	 1,331 	 1,776
User 4630 	 10 	 1,151 	 1,498
User 4632 	 10 	 0,583 	 0,757
User 4636 	 10 	 2,352 	 2,509
User 4633 	 10 	 0,866 	 1,222
User 4631 	 10 	 1,300 	 1,505
User 4634 	 10 	 0,882 	 0,882
User 4635 	 10 	 0,227 	 0,306
User 4638 	 10 	 1,984 	 2,267
User 4637 	 10 	 0,961 	 1,347
User 4639 	 10 	 0,621 	 0,754
User 4641 	 10 	 1,173 	 1,555
User 4642 	 10 	 1,027 	 1,214
User 4640 	 10 	 1,394 	 1,676
User 4643 	 10 	 0,852 	 1,034
User 4644 	 10 	 1,177 	 1,515
User 4646 	 10 	 1,348 	 1,811
User 4645 	 10 	 1,277 	 1,592
User 4649 	 10 	 0,718 	 0,775
User 4651 	 10 	 0,918 	 0,962
User 4648 	 10 	 0,830 	 0,907
User 4647 	 10 	 1,222 	 1,516
User 4650 	 10 	 0,905 	 1,172
User 4652 	 10 	 0,813 	 0,846
User 4657 	 10 	 0,526 	 0,663
User 4654 	 10 	 0,900 	 1,044
User 4653 	 10 	 1,028 	 1,395
User 4655 	 10 	 0,929 	 1,104
User 4656 	 10 	 0,505 	 0,686
User 4658 	 10 	 1,695 	 2,036
User 4660 	 10 	 0,600 	 0,713
User 4664 	 10 	 0,303 	 0,465
User 4659 	 10 	 0,638 	 0,712
User 4665 	 10 	 0,533 	 0,654
User 4662 	 10 	 1,443 	 1,823
User 4661 	 10 	 0,365 	 0,539
User 4663 	 10 	 0,831 	 1,049
User 4667 	 10 	 0,776 	 0,848
User 4666 	 10 	 0,856 	 1,037
User 4668 	 10 	 0,700 	 0,798
User 4672 	 10 	 0,741 	 1,064
User 4669 	 10 	 0,791 	 1,007
User 4670 	 10 	 0,961 	 1,271
User 4677 	 10 	 0,570 	 0,704
User 4671 	 10 	 0,860 	 0,939
User 4673 	 10 	 1,130 	 1,347
User 4674 	 10 	 0,931 	 1,075
User 4676 	 10 	 1,300 	 1,544
User 4675 	 10 	 0,761 	 0,868
User 4678 	 10 	 1,449 	 1,764
User 4679 	 10 	 0,858 	 0,938
User 4680 	 10 	 0,855 	 0,935
User 4681 	 10 	 1,045 	 1,305
User 4682 	 10 	 1,285 	 1,564
User 4683 	 10 	 1,453 	 1,740
User 4684 	 10 	 0,670 	 0,812
User 4685 	 10 	 1,299 	 1,570
User 4686 	 10 	 0,757 	 0,827
User 4687 	 10 	 0,600 	 0,714
User 4692 	 10 	 0,882 	 0,963
User 4688 	 10 	 0,900 	 1,221
User 4689 	 10 	 0,826 	 1,008
User 4691 	 10 	 0,877 	 1,058
User 4690 	 10 	 0,453 	 0,644
User 4696 	 10 	 0,972 	 1,251
User 4693 	 10 	 0,923 	 0,968
User 4695 	 10 	 1,200 	 1,530
User 4694 	 10 	 0,526 	 0,662
User 4698 	 10 	 0,900 	 1,136
User 4697 	 10 	 0,577 	 0,689
User 4703 	 10 	 1,228 	 1,591
User 4699 	 10 	 0,785 	 0,897
User 4700 	 10 	 0,903 	 1,171
User 4701 	 10 	 0,700 	 0,799
User 4702 	 10 	 0,550 	 0,700
User 4704 	 10 	 1,536 	 1,844
User 4705 	 10 	 0,428 	 0,555
User 4710 	 10 	 0,724 	 1,136
User 4706 	 10 	 1,055 	 1,459
User 4707 	 10 	 1,472 	 1,859
User 4709 	 10 	 1,152 	 1,359
User 4708 	 10 	 0,725 	 1,168
User 4711 	 10 	 0,787 	 1,004
User 4712 	 10 	 1,118 	 1,360
User 4713 	 10 	 0,827 	 1,009
User 4714 	 10 	 0,624 	 0,753
User 4716 	 10 	 0,754 	 0,822
User 4717 	 10 	 0,500 	 0,626
User 4715 	 10 	 0,931 	 1,193
User 4719 	 10 	 0,600 	 0,713
User 4718 	 10 	 0,730 	 0,832
User 4720 	 10 	 0,581 	 0,863
User 4722 	 10 	 0,631 	 0,805
User 4721 	 10 	 1,000 	 1,347
User 4723 	 10 	 0,645 	 0,726
User 4724 	 10 	 0,194 	 0,301
User 4730 	 10 	 0,443 	 0,606
User 4725 	 10 	 0,284 	 0,664
User 4726 	 10 	 0,485 	 0,648
User 4727 	 10 	 0,458 	 0,603
User 4728 	 10 	 0,563 	 0,746
User 4729 	 10 	 0,962 	 1,444
User 4732 	 10 	 0,898 	 1,248
User 4731 	 10 	 0,556 	 0,701
User 4733 	 10 	 0,688 	 0,938
User 4734 	 10 	 0,700 	 0,803
User 4735 	 10 	 0,575 	 0,735
User 4736 	 10 	 1,025 	 1,125
User 4737 	 10 	 0,625 	 0,752
User 4741 	 10 	 0,527 	 0,662
User 4740 	 10 	 0,385 	 0,540
User 4738 	 10 	 1,000 	 1,272
User 4743 	 10 	 0,835 	 0,911
User 4739 	 10 	 0,653 	 0,904
User 4742 	 10 	 0,776 	 0,890
User 4749 	 10 	 0,652 	 0,822
User 4744 	 10 	 0,977 	 1,252
User 4745 	 10 	 1,100 	 1,320
User 4746 	 10 	 1,016 	 1,151
User 4747 	 10 	 0,859 	 1,131
User 4748 	 10 	 0,600 	 0,708
User 4751 	 10 	 0,780 	 0,854
User 4752 	 10 	 0,590 	 0,867
User 4750 	 10 	 0,743 	 0,805
User 4755 	 10 	 0,717 	 0,774
User 4753 	 10 	 1,794 	 2,129
User 4756 	 10 	 0,890 	 1,161
User 4758 	 10 	 0,891 	 1,323
User 4754 	 10 	 0,892 	 1,070
User 4757 	 10 	 0,850 	 0,889
User 4759 	 10 	 1,004 	 1,449
User 4760 	 10 	 0,619 	 0,901
User 4761 	 10 	 1,400 	 1,581
User 4763 	 10 	 1,323 	 1,621
User 4762 	 10 	 0,500 	 0,616
User 4764 	 10 	 0,862 	 1,134
User 4766 	 10 	 0,871 	 1,144
User 4767 	 10 	 0,530 	 0,701
User 4765 	 10 	 0,771 	 0,840
User 4768 	 10 	 0,800 	 1,168
User 4769 	 10 	 0,361 	 0,482
User 4770 	 10 	 0,603 	 0,891
User 4771 	 10 	 0,776 	 0,890
User 4772 	 10 	 0,500 	 0,617
User 4775 	 10 	 1,047 	 1,225
User 4776 	 10 	 1,000 	 1,277
User 4773 	 10 	 0,875 	 0,917
User 4774 	 10 	 0,675 	 0,768
User 4778 	 10 	 0,654 	 0,905
User 4777 	 10 	 0,526 	 0,663
User 4779 	 10 	 0,467 	 0,642
User 4781 	 10 	 1,176 	 1,419
User 4780 	 10 	 0,718 	 0,943
User 4782 	 10 	 0,800 	 0,983
User 4783 	 10 	 0,582 	 1,071
User 4784 	 10 	 0,749 	 0,860
User 4785 	 10 	 0,390 	 0,541
User 4787 	 10 	 0,862 	 1,224
User 4786 	 10 	 0,861 	 1,042
User 4792 	 10 	 0,529 	 0,659
User 4788 	 10 	 1,205 	 1,398
User 4789 	 10 	 0,788 	 1,004
User 4790 	 10 	 1,241 	 1,353
User 4791 	 10 	 1,235 	 1,617
User 4793 	 10 	 1,132 	 1,510
User 4794 	 10 	 0,741 	 0,803
User 4795 	 10 	 0,623 	 0,876
User 4797 	 10 	 0,644 	 0,724
User 4799 	 10 	 0,680 	 0,819
User 4796 	 10 	 0,519 	 0,826
User 4798 	 10 	 1,397 	 1,783
User 4804 	 10 	 2,180 	 2,313
User 4800 	 10 	 0,988 	 1,367
User 4801 	 10 	 0,894 	 0,898
User 4803 	 10 	 0,587 	 0,741
User 4802 	 10 	 0,725 	 1,136
User 4805 	 10 	 1,100 	 1,400
User 4806 	 10 	 0,572 	 0,734
User 4807 	 10 	 0,743 	 1,154
User 4811 	 10 	 1,300 	 1,543
User 4808 	 10 	 0,383 	 0,597
User 4809 	 10 	 1,000 	 1,190
User 4810 	 10 	 1,179 	 1,450
User 4812 	 10 	 1,416 	 1,625
User 4813 	 10 	 0,800 	 0,981
User 4814 	 10 	 0,829 	 1,219
User 4815 	 10 	 0,500 	 0,624
User 4816 	 10 	 0,563 	 0,702
User 4817 	 10 	 0,755 	 0,824
User 4818 	 10 	 0,526 	 0,662
User 4819 	 10 	 0,423 	 0,595
User 4820 	 10 	 0,847 	 1,030
User 4822 	 10 	 0,989 	 1,213
User 4821 	 10 	 0,997 	 1,513
User 4823 	 10 	 1,301 	 1,438
User 4824 	 10 	 0,607 	 0,894
User 4825 	 10 	 0,878 	 0,960
User 4827 	 10 	 0,324 	 0,682
User 4826 	 10 	 0,879 	 1,312
User 4828 	 10 	 0,934 	 0,981
User 4829 	 10 	 0,515 	 0,691
User 4830 	 10 	 1,405 	 1,687
User 4831 	 10 	 0,776 	 0,958
User 4832 	 10 	 0,426 	 0,559
User 4833 	 10 	 0,727 	 0,944
User 4834 	 10 	 0,612 	 0,777
User 4835 	 10 	 0,825 	 1,008
User 4836 	 10 	 1,200 	 1,502
User 4837 	 10 	 1,101 	 1,555
User 4838 	 10 	 1,056 	 1,316
User 4839 	 10 	 1,000 	 1,513
User 4841 	 10 	 0,529 	 0,721
User 4840 	 10 	 1,300 	 1,614
User 4844 	 10 	 0,782 	 1,000
User 4843 	 10 	 0,700 	 0,802
User 4842 	 10 	 0,722 	 0,943
User 4846 	 10 	 0,993 	 1,371
User 4845 	 10 	 0,576 	 0,861
User 4847 	 10 	 0,675 	 0,768
User 4851 	 10 	 0,858 	 0,973
User 4850 	 10 	 1,200 	 1,505
User 4848 	 10 	 0,510 	 1,036
User 4852 	 10 	 0,726 	 0,831
User 4849 	 10 	 0,191 	 0,300
User 4853 	 10 	 0,501 	 0,816
User 4854 	 10 	 0,884 	 1,316
User 4855 	 10 	 0,893 	 1,074
User 4856 	 10 	 0,849 	 1,032
User 4858 	 10 	 0,742 	 0,966
User 4857 	 10 	 1,025 	 1,393
User 4860 	 10 	 0,621 	 0,754
User 4859 	 10 	 0,655 	 0,745
User 4861 	 10 	 0,378 	 0,539
User 4863 	 10 	 1,068 	 1,471
User 4864 	 10 	 0,800 	 0,875
User 4862 	 10 	 0,820 	 1,041
User 4866 	 10 	 0,752 	 1,159
User 4865 	 10 	 1,364 	 1,644
User 4867 	 10 	 0,792 	 1,007
User 4871 	 10 	 0,820 	 1,005
User 4868 	 10 	 0,514 	 0,691
User 4870 	 10 	 0,225 	 0,305
User 4869 	 10 	 1,181 	 1,381
User 4872 	 10 	 0,871 	 1,081
User 4873 	 10 	 0,872 	 1,017
User 4874 	 10 	 0,529 	 0,659
User 4876 	 10 	 0,449 	 0,605
User 4878 	 10 	 1,028 	 1,466
User 4880 	 10 	 0,825 	 1,008
User 4875 	 10 	 1,370 	 1,710
User 4877 	 10 	 0,552 	 0,701
User 4881 	 10 	 0,190 	 0,300
User 4879 	 10 	 0,794 	 1,015
User 4885 	 10 	 0,500 	 0,634
User 4882 	 10 	 0,742 	 0,965
User 4883 	 10 	 1,433 	 1,806
User 4884 	 10 	 0,556 	 0,701
User 4886 	 10 	 0,625 	 0,752
User 4891 	 10 	 1,200 	 1,432
User 4887 	 10 	 0,852 	 1,066
User 4888 	 10 	 0,800 	 0,983
User 4889 	 10 	 0,646 	 0,728
User 4890 	 10 	 1,047 	 1,381
User 4896 	 10 	 1,769 	 2,238
User 4892 	 10 	 1,019 	 1,153
User 4893 	 10 	 0,630 	 0,750
User 4894 	 10 	 0,900 	 1,221
User 4895 	 10 	 0,626 	 0,752
User 4897 	 10 	 0,990 	 1,214
User 4900 	 10 	 0,856 	 0,896
User 4898 	 10 	 0,523 	 0,667
User 4899 	 10 	 0,873 	 1,230
User 4901 	 10 	 0,913 	 1,090
User 4903 	 10 	 0,600 	 0,728
User 4902 	 10 	 0,791 	 1,033
User 4904 	 10 	 0,500 	 0,617
User 4905 	 10 	 0,800 	 1,200
User 4907 	 10 	 1,220 	 1,406
User 4906 	 10 	 0,826 	 1,008
User 4908 	 10 	 0,700 	 0,916
User 4912 	 10 	 0,641 	 0,900
User 4910 	 10 	 0,875 	 1,231
User 4909 	 10 	 0,711 	 0,855
User 4911 	 10 	 0,691 	 0,940
User 4913 	 10 	 1,162 	 1,434
User 4914 	 10 	 0,455 	 0,603
User 4915 	 10 	 0,828 	 0,905
User 4916 	 10 	 2,841 	 2,878
User 4920 	 10 	 0,880 	 0,922
User 4919 	 10 	 0,642 	 0,782
User 4917 	 10 	 1,384 	 1,603
User 4918 	 10 	 1,245 	 1,428
User 4923 	 10 	 0,924 	 1,067
User 4926 	 10 	 0,720 	 0,862
User 4925 	 10 	 0,823 	 0,823
User 4921 	 10 	 0,723 	 0,831
User 4924 	 10 	 0,423 	 0,566
User 4922 	 10 	 1,055 	 1,389
User 4927 	 10 	 0,824 	 0,902
User 4929 	 10 	 0,717 	 0,774
User 4928 	 10 	 0,802 	 1,021
User 4930 	 10 	 0,458 	 0,603
User 4931 	 10 	 0,774 	 0,845
User 4935 	 10 	 0,719 	 1,158
User 4932 	 10 	 0,447 	 0,606
User 4933 	 10 	 1,200 	 1,655
User 4934 	 10 	 1,335 	 1,716
User 4936 	 10 	 1,272 	 1,465
User 4938 	 10 	 0,800 	 1,020
User 4937 	 10 	 0,544 	 0,700
User 4943 	 10 	 0,977 	 1,252
User 4941 	 10 	 1,384 	 1,715
User 4944 	 10 	 0,770 	 0,838
User 4939 	 10 	 0,773 	 0,954
User 4940 	 10 	 0,986 	 1,290
User 4942 	 10 	 0,530 	 0,701
User 4945 	 10 	 0,874 	 1,056
User 4946 	 10 	 0,873 	 1,230
User 4949 	 10 	 0,925 	 1,158
User 4947 	 10 	 0,800 	 0,983
User 4948 	 10 	 1,294 	 1,628
User 4950 	 10 	 0,648 	 0,933
User 4951 	 10 	 0,806 	 0,922
User 4952 	 10 	 0,726 	 0,831
User 4955 	 10 	 0,633 	 0,749
User 4953 	 10 	 0,573 	 0,734
User 4954 	 10 	 0,774 	 0,994
User 4956 	 10 	 0,725 	 0,944
User 4957 	 10 	 1,224 	 1,410
User 4958 	 10 	 0,900 	 1,044
User 4959 	 10 	 0,545 	 0,700
User 4960 	 10 	 0,600 	 0,722
User 4961 	 10 	 1,255 	 1,408
User 4962 	 10 	 0,786 	 1,003
User 4968 	 10 	 0,700 	 0,800
User 4963 	 10 	 1,315 	 1,819
User 4965 	 10 	 0,823 	 1,220
User 4966 	 10 	 0,883 	 1,063
User 4964 	 10 	 0,790 	 1,013
User 4969 	 10 	 1,006 	 1,226
User 4967 	 10 	 0,925 	 0,970
User 4970 	 10 	 1,654 	 2,071
User 4971 	 10 	 0,402 	 0,736
User 4974 	 10 	 1,134 	 1,277
User 4972 	 10 	 0,946 	 1,087
User 4973 	 10 	 1,192 	 1,319
User 4975 	 10 	 0,420 	 0,593
User 4976 	 10 	 0,975 	 1,200
User 4977 	 10 	 1,095 	 1,343
User 4978 	 10 	 0,800 	 0,981
User 4979 	 10 	 0,781 	 0,906
User 4980 	 10 	 0,539 	 0,728
User 4982 	 10 	 0,890 	 0,894
User 4981 	 10 	 0,324 	 0,515
User 4983 	 10 	 0,554 	 0,864
User 4984 	 10 	 0,701 	 0,957
User 4986 	 10 	 0,500 	 0,618
User 4987 	 10 	 0,915 	 1,092
User 4985 	 10 	 0,447 	 0,640
User 4991 	 10 	 0,798 	 1,012
User 4988 	 10 	 0,774 	 1,261
User 4992 	 10 	 0,749 	 0,860
User 4989 	 10 	 0,707 	 0,962
User 4990 	 10 	 0,959 	 1,062
User 4996 	 10 	 0,831 	 1,012
User 4993 	 10 	 0,825 	 1,008
User 4997 	 10 	 1,470 	 1,802
User 4994 	 10 	 0,725 	 0,785
User 4995 	 10 	 0,932 	 1,195
User 4998 	 10 	 0,879 	 0,960
User 4999 	 10 	 0,877 	 0,919
User 5003 	 10 	 0,531 	 0,657
User 5000 	 10 	 0,600 	 0,708
User 5001 	 10 	 0,450 	 0,605
User 5004 	 10 	 0,676 	 0,770
User 5007 	 10 	 0,652 	 0,739
User 5002 	 10 	 0,768 	 1,015
User 5006 	 10 	 0,569 	 0,661
User 5005 	 10 	 0,722 	 1,243
User 5012 	 10 	 0,696 	 0,954
User 5008 	 10 	 0,876 	 1,021
User 5009 	 10 	 0,975 	 1,251
User 5010 	 10 	 0,623 	 0,753
User 5011 	 10 	 0,762 	 0,977
User 5013 	 10 	 0,947 	 1,054
User 5014 	 10 	 0,442 	 0,607
User 5015 	 10 	 0,826 	 1,191
User 5016 	 10 	 1,524 	 1,888
User 5017 	 10 	 0,500 	 0,619
User 5019 	 10 	 0,865 	 1,140
User 5018 	 10 	 0,423 	 0,567
User 5020 	 10 	 0,869 	 1,015
User 5022 	 10 	 0,966 	 1,167
User 5021 	 10 	 0,773 	 0,994
User 5023 	 10 	 1,124 	 1,410
User 5027 	 10 	 0,943 	 1,084
User 5024 	 10 	 0,758 	 0,866
User 5025 	 10 	 0,447 	 0,606
User 5028 	 10 	 1,096 	 1,272
User 5026 	 10 	 1,147 	 1,586
User 5030 	 10 	 0,772 	 1,089
User 5029 	 10 	 1,096 	 1,421
User 5033 	 10 	 0,500 	 0,631
User 5031 	 10 	 0,982 	 1,361
User 5032 	 10 	 0,776 	 0,996
User 5034 	 10 	 0,601 	 0,769
User 5035 	 10 	 0,665 	 0,792
User 5036 	 10 	 1,298 	 1,626
User 5037 	 10 	 0,476 	 0,785
User 5039 	 10 	 1,388 	 1,598
User 5038 	 10 	 0,590 	 0,883
User 5040 	 10 	 0,485 	 0,648
User 5043 	 10 	 0,358 	 0,484
User 5041 	 10 	 0,848 	 0,887
User 5045 	 10 	 1,423 	 1,718
User 5044 	 10 	 0,649 	 0,903
User 5042 	 10 	 0,728 	 0,985
User 5046 	 10 	 1,229 	 1,554
User 5051 	 10 	 1,025 	 1,125
User 5048 	 10 	 0,870 	 1,016
User 5047 	 10 	 1,180 	 1,450
User 5049 	 10 	 0,285 	 0,460
User 5052 	 10 	 0,600 	 0,714
User 5050 	 10 	 0,268 	 0,409
User 5053 	 10 	 0,575 	 0,860
User 5058 	 10 	 0,568 	 0,657
User 5055 	 10 	 0,950 	 1,179
User 5054 	 10 	 0,783 	 0,895
User 5056 	 10 	 0,567 	 0,657
User 5057 	 10 	 0,717 	 0,868
User 5059 	 10 	 0,896 	 1,074
User 5062 	 10 	 0,728 	 0,944
User 5060 	 10 	 1,275 	 1,420
User 5061 	 10 	 1,022 	 1,318
User 5063 	 10 	 0,626 	 0,751
User 5067 	 10 	 1,028 	 1,294
User 5068 	 10 	 0,374 	 0,539
User 5069 	 10 	 0,719 	 0,777
User 5066 	 10 	 0,677 	 0,773
User 5064 	 10 	 0,950 	 1,231
User 5065 	 10 	 0,600 	 0,705
User 5073 	 10 	 0,679 	 0,779
User 5071 	 10 	 0,604 	 0,772
User 5072 	 10 	 0,971 	 1,168
User 5070 	 10 	 0,683 	 1,129
User 5075 	 10 	 1,178 	 1,418
User 5074 	 10 	 0,952 	 1,263
User 5076 	 10 	 0,437 	 0,633
User 5077 	 10 	 0,843 	 1,027
User 5078 	 10 	 0,823 	 1,102
User 5080 	 10 	 0,551 	 0,700
User 5079 	 10 	 0,496 	 0,814
User 5081 	 10 	 0,870 	 0,949
User 5082 	 10 	 0,843 	 1,027
User 5083 	 10 	 0,964 	 1,192
User 5084 	 10 	 0,753 	 0,880
User 5085 	 10 	 0,774 	 0,956
User 5088 	 10 	 0,600 	 0,711
User 5086 	 10 	 0,349 	 0,492
User 5089 	 10 	 0,653 	 0,904
User 5087 	 10 	 0,729 	 0,945
User 5090 	 10 	 1,200 	 1,572
User 5091 	 10 	 0,831 	 0,907
User 5095 	 10 	 0,573 	 0,675
User 5092 	 10 	 0,423 	 0,566
User 5093 	 10 	 0,555 	 0,701
User 5094 	 10 	 0,800 	 0,982
User 5096 	 10 	 0,852 	 1,127
User 5097 	 10 	 0,958 	 1,236
User 5101 	 10 	 2,139 	 2,444
User 5098 	 10 	 0,721 	 1,077
User 5100 	 10 	 1,059 	 1,386
User 5099 	 10 	 1,086 	 1,412
User 5102 	 10 	 0,500 	 0,614
User 5103 	 10 	 0,770 	 0,838
User 5104 	 10 	 0,976 	 1,080
User 5106 	 10 	 0,600 	 0,700
User 5105 	 10 	 0,729 	 1,171
User 5110 	 10 	 0,848 	 0,993
User 5107 	 10 	 1,212 	 1,469
User 5108 	 10 	 2,038 	 2,376
User 5109 	 10 	 0,686 	 1,130
User 5111 	 10 	 0,862 	 0,941
User 5112 	 10 	 1,137 	 1,446
User 5116 	 10 	 0,730 	 0,945
User 5113 	 10 	 1,806 	 2,207
User 5114 	 10 	 0,869 	 1,015
User 5117 	 10 	 1,312 	 1,643
User 5115 	 10 	 0,500 	 0,636
User 5119 	 10 	 1,029 	 1,371
User 5118 	 10 	 1,138 	 1,447
User 5122 	 10 	 0,742 	 0,804
User 5125 	 10 	 0,574 	 0,678
User 5120 	 10 	 1,084 	 1,260
User 5123 	 10 	 0,803 	 1,027
User 5121 	 10 	 1,060 	 1,347
User 5124 	 10 	 0,403 	 0,585
User 5126 	 10 	 0,350 	 0,490
User 5127 	 10 	 1,149 	 1,562
User 5130 	 10 	 0,779 	 0,853
User 5128 	 10 	 0,392 	 0,732
User 5129 	 10 	 0,726 	 0,944
User 5132 	 10 	 0,757 	 0,827
User 5131 	 10 	 0,988 	 1,212
User 5133 	 10 	 1,847 	 2,166
User 5134 	 10 	 1,274 	 1,595
User 5135 	 10 	 0,753 	 0,972
User 5137 	 10 	 0,878 	 1,203
User 5136 	 10 	 0,559 	 0,702
User 5138 	 10 	 0,513 	 0,822
User 5139 	 10 	 1,028 	 1,130
User 5141 	 10 	 1,070 	 1,534
User 5145 	 10 	 1,493 	 1,815
User 5140 	 10 	 0,834 	 1,047
User 5144 	 10 	 0,425 	 0,561
User 5146 	 10 	 1,206 	 1,776
User 5142 	 10 	 0,740 	 1,090
User 5147 	 10 	 0,729 	 0,832
User 5143 	 10 	 0,482 	 0,647
User 5150 	 10 	 0,754 	 0,864
User 5152 	 10 	 1,379 	 1,660
User 5149 	 10 	 0,348 	 0,492
User 5148 	 10 	 0,944 	 1,333
User 5151 	 10 	 1,565 	 1,775
User 5155 	 10 	 1,136 	 1,300
User 5154 	 10 	 0,729 	 0,832
User 5153 	 10 	 1,963 	 2,194
User 5159 	 10 	 0,973 	 1,199
User 5156 	 10 	 0,600 	 0,718
User 5157 	 10 	 0,900 	 1,221
User 5158 	 10 	 0,524 	 0,665
User 5160 	 10 	 0,528 	 0,660
User 5162 	 10 	 0,715 	 0,858
User 5161 	 10 	 1,616 	 2,015
User 5164 	 10 	 0,576 	 0,686
User 5168 	 10 	 0,539 	 0,649
User 5163 	 10 	 0,771 	 0,875
User 5165 	 10 	 0,879 	 0,879
User 5166 	 10 	 0,655 	 0,745
User 5171 	 10 	 0,763 	 0,978
User 5167 	 10 	 1,044 	 1,379
User 5169 	 10 	 0,553 	 0,701
User 5174 	 10 	 0,451 	 0,604
User 5170 	 10 	 0,521 	 0,670
User 5172 	 10 	 1,248 	 1,564
User 5173 	 10 	 1,021 	 1,391
User 5175 	 10 	 0,625 	 0,752
User 5176 	 10 	 0,731 	 0,871
User 5177 	 10 	 1,028 	 1,395
User 5179 	 10 	 1,251 	 1,404
User 5178 	 10 	 0,912 	 1,178
User 5180 	 10 	 0,676 	 0,770
User 5181 	 10 	 0,827 	 0,905
User 5182 	 10 	 0,497 	 0,653
User 5183 	 10 	 1,261 	 1,551
User 5184 	 10 	 0,700 	 0,798
User 5185 	 10 	 1,009 	 1,144
User 5186 	 10 	 0,931 	 1,164
User 5187 	 10 	 1,125 	 1,262
User 5189 	 10 	 0,855 	 1,128
User 5188 	 10 	 1,200 	 1,444
User 5190 	 10 	 0,214 	 0,303
User 5192 	 10 	 1,056 	 1,389
User 5191 	 10 	 1,175 	 1,514
User 5195 	 10 	 0,341 	 0,499
User 5197 	 10 	 1,131 	 1,578
User 5193 	 10 	 0,882 	 1,153
User 5194 	 10 	 0,611 	 0,907
User 5196 	 10 	 0,713 	 0,974
User 5199 	 10 	 0,782 	 1,265
User 5198 	 10 	 1,607 	 1,862
User 5200 	 10 	 0,663 	 0,791
User 5202 	 10 	 1,083 	 1,336
User 5203 	 10 	 0,658 	 0,906
User 5204 	 10 	 1,051 	 1,281
User 5206 	 10 	 0,677 	 0,932
User 5207 	 10 	 0,753 	 1,159
User 5201 	 10 	 0,719 	 0,978
User 5205 	 10 	 0,932 	 1,165
User 5208 	 10 	 0,775 	 0,846
User 5214 	 10 	 2,056 	 2,347
User 5215 	 10 	 0,713 	 0,831
User 5213 	 10 	 0,940 	 1,282
User 5209 	 10 	 0,700 	 0,799
User 5210 	 10 	 0,550 	 0,700
User 5212 	 10 	 0,957 	 1,061
User 5211 	 10 	 1,055 	 1,237
User 5216 	 10 	 1,356 	 1,707
User 5221 	 10 	 0,600 	 0,724
User 5218 	 10 	 0,923 	 0,968
User 5217 	 10 	 1,018 	 1,389
User 5219 	 10 	 0,756 	 0,973
User 5220 	 10 	 0,804 	 1,023
User 5222 	 10 	 1,340 	 1,535
User 5223 	 10 	 0,989 	 1,126
User 5224 	 10 	 1,046 	 1,306
User 5225 	 10 	 1,244 	 1,496
User 5226 	 10 	 0,961 	 1,102
User 5228 	 10 	 0,359 	 0,483
User 5227 	 10 	 1,472 	 1,629
User 5229 	 10 	 0,524 	 0,665
User 5230 	 10 	 1,028 	 1,130
User 5231 	 10 	 1,300 	 1,481
User 5232 	 10 	 1,035 	 1,537
User 5238 	 10 	 1,208 	 1,409
User 5233 	 10 	 0,390 	 0,579
User 5234 	 10 	 0,720 	 1,166
User 5235 	 10 	 0,825 	 1,008
User 5237 	 10 	 1,136 	 1,300
User 5236 	 10 	 1,217 	 1,408
User 5239 	 10 	 0,513 	 0,690
User 5240 	 10 	 0,822 	 0,901
User 5243 	 10 	 1,353 	 1,644
User 5244 	 10 	 0,869 	 1,142
User 5245 	 10 	 1,222 	 1,378
User 5241 	 10 	 1,121 	 1,308
User 5242 	 10 	 0,894 	 1,247
User 5246 	 10 	 1,049 	 1,383
User 5247 	 10 	 1,649 	 1,860
User 5248 	 10 	 0,869 	 1,016
User 5249 	 10 	 1,105 	 1,194
User 5250 	 10 	 1,463 	 1,754
User 5251 	 10 	 1,126 	 1,340
User 5252 	 10 	 0,852 	 0,997
User 5253 	 10 	 0,482 	 0,647
User 5258 	 10 	 0,975 	 1,117
User 5255 	 10 	 0,709 	 0,762
User 5254 	 10 	 1,263 	 1,554
User 5259 	 10 	 0,500 	 0,635
User 5256 	 10 	 0,671 	 0,795
User 5257 	 10 	 1,053 	 1,282
User 5260 	 10 	 1,748 	 1,995
User 5261 	 10 	 1,500 	 1,683
User 5262 	 10 	 1,538 	 1,790
User 5263 	 10 	 0,507 	 0,687
User 5266 	 10 	 0,622 	 0,753
User 5264 	 10 	 0,655 	 0,787
User 5265 	 10 	 0,604 	 0,771
User 5267 	 10 	 0,881 	 1,151
User 5268 	 10 	 1,021 	 1,362
User 5269 	 10 	 0,591 	 0,884
User 5270 	 10 	 1,045 	 1,225
User 5274 	 10 	 1,442 	 1,725
User 5271 	 10 	 0,737 	 1,088
User 5272 	 10 	 1,054 	 1,388
User 5273 	 10 	 0,753 	 1,070
User 5275 	 10 	 0,972 	 1,079
User 5280 	 10 	 0,899 	 1,168
User 5276 	 10 	 0,860 	 1,245
User 5279 	 10 	 0,729 	 1,082
User 5277 	 10 	 0,630 	 0,920
User 5278 	 10 	 1,728 	 1,941
User 5281 	 10 	 0,652 	 0,936
User 5282 	 10 	 1,279 	 1,493
User 5288 	 10 	 0,478 	 0,646
User 5283 	 10 	 0,582 	 0,739
User 5285 	 10 	 0,587 	 0,866
User 5284 	 10 	 0,782 	 1,184
User 5286 	 10 	 0,851 	 1,211
User 5287 	 10 	 1,176 	 1,408
User 5290 	 10 	 0,721 	 0,831
User 5289 	 10 	 0,928 	 1,161
User 5292 	 10 	 0,927 	 1,159
User 5291 	 10 	 0,922 	 0,967
User 5295 	 10 	 0,776 	 0,996
User 5293 	 10 	 0,577 	 0,736
User 5294 	 10 	 0,628 	 0,874
User 5296 	 10 	 0,775 	 0,846
User 5297 	 10 	 0,672 	 0,762
User 5298 	 10 	 1,400 	 1,585
User 5299 	 10 	 1,908 	 2,324
User 5300 	 10 	 0,600 	 0,721
User 5301 	 10 	 0,730 	 0,832
User 5302 	 10 	 1,222 	 1,673
User 5303 	 10 	 0,525 	 0,664
User 5304 	 10 	 0,789 	 0,901
User 5307 	 10 	 1,075 	 1,300
User 5305 	 10 	 0,572 	 0,859
User 5309 	 10 	 0,750 	 0,970
User 5306 	 10 	 1,086 	 1,260
User 5310 	 10 	 0,529 	 0,659
User 5308 	 10 	 0,588 	 0,742
User 5311 	 10 	 0,676 	 0,770
User 5314 	 10 	 0,829 	 1,010
User 5312 	 10 	 0,824 	 1,019
User 5313 	 10 	 1,000 	 1,272
User 5315 	 10 	 0,958 	 1,062
User 5316 	 10 	 1,023 	 1,208
User 5320 	 10 	 2,037 	 2,390
User 5318 	 10 	 1,098 	 1,422
User 5317 	 10 	 0,617 	 0,900
User 5319 	 10 	 0,521 	 0,827
User 5322 	 10 	 0,851 	 1,126
User 5321 	 10 	 1,396 	 1,606
User 5325 	 10 	 1,000 	 1,375
User 5323 	 10 	 0,845 	 1,287
User 5324 	 10 	 0,725 	 0,831
User 5328 	 10 	 0,876 	 1,201
User 5326 	 10 	 1,372 	 1,652
User 5327 	 10 	 0,830 	 1,192
User 5334 	 10 	 2,384 	 2,656
User 5329 	 10 	 0,522 	 0,668
User 5330 	 10 	 0,805 	 1,122
User 5331 	 10 	 1,013 	 1,232
User 5332 	 10 	 0,873 	 1,018
User 5336 	 10 	 0,761 	 0,977
User 5333 	 10 	 0,627 	 0,788
User 5335 	 10 	 0,624 	 0,753
User 5337 	 10 	 0,827 	 1,009
User 5338 	 10 	 0,664 	 0,791
User 5339 	 10 	 1,325 	 1,625
User 5340 	 10 	 0,875 	 1,231
User 5341 	 10 	 1,260 	 1,483
User 5343 	 10 	 0,773 	 0,800
User 5342 	 10 	 0,500 	 0,611
User 5344 	 10 	 0,421 	 0,766
User 5346 	 10 	 1,200 	 1,372
User 5348 	 10 	 0,922 	 1,155
User 5345 	 10 	 0,661 	 0,907
User 5347 	 10 	 1,176 	 1,301
User 5349 	 10 	 0,775 	 0,996
User 5350 	 10 	 0,829 	 0,947
User 5351 	 10 	 0,751 	 0,861
User 5354 	 10 	 0,483 	 0,648
User 5356 	 10 	 0,405 	 0,586
User 5352 	 10 	 0,730 	 0,945
User 5353 	 10 	 0,877 	 1,058
User 5358 	 10 	 0,778 	 0,851
User 5355 	 10 	 1,054 	 1,313
User 5357 	 10 	 0,568 	 0,732
User 5359 	 10 	 0,568 	 0,703
User 5360 	 10 	 0,538 	 0,728
User 5362 	 10 	 0,911 	 1,177
User 5361 	 10 	 0,961 	 1,270
User 5363 	 10 	 0,358 	 0,484
User 5364 	 10 	 0,853 	 0,933
User 5365 	 10 	 0,794 	 0,904
User 5366 	 10 	 0,599 	 0,889
User 5370 	 10 	 1,730 	 2,021
User 5367 	 10 	 0,655 	 0,932
User 5368 	 10 	 1,650 	 1,914
User 5369 	 10 	 1,026 	 1,292
User 5372 	 10 	 0,674 	 1,125
User 5371 	 10 	 0,621 	 0,877
User 5374 	 10 	 0,678 	 0,818
User 5373 	 10 	 0,941 	 1,083
User 5375 	 10 	 0,574 	 0,678
User 5380 	 10 	 1,361 	 1,701
User 5377 	 10 	 0,752 	 0,971
User 5379 	 10 	 0,799 	 1,280
User 5376 	 10 	 0,609 	 0,895
User 5381 	 10 	 0,513 	 0,690
User 5378 	 10 	 0,824 	 1,007
User 5383 	 10 	 0,900 	 1,044
User 5382 	 10 	 0,651 	 0,785
User 5384 	 10 	 0,500 	 0,612
User 5388 	 10 	 0,582 	 0,864
User 5385 	 10 	 0,749 	 1,068
User 5391 	 10 	 1,319 	 1,822
User 5387 	 10 	 0,663 	 0,790
User 5386 	 10 	 0,416 	 0,592
User 5389 	 10 	 0,824 	 1,039
User 5390 	 10 	 0,649 	 0,903
User 5392 	 10 	 0,321 	 0,472
User 5393 	 10 	 0,784 	 0,896
User 5398 	 10 	 0,800 	 0,875
User 5394 	 10 	 0,469 	 0,601
User 5395 	 10 	 0,900 	 1,045
User 5400 	 10 	 1,014 	 1,151
User 5396 	 10 	 1,176 	 1,347
User 5397 	 10 	 1,350 	 1,700
User 5399 	 10 	 0,526 	 0,663
User 5407 	 10 	 0,879 	 1,204
User 5401 	 10 	 0,581 	 0,738
User 5402 	 10 	 0,332 	 0,520
User 5403 	 10 	 2,063 	 2,085
User 5404 	 10 	 0,826 	 1,190
User 5405 	 10 	 1,052 	 1,312
User 5406 	 10 	 0,801 	 0,911
User 5409 	 10 	 0,998 	 1,219
User 5408 	 10 	 1,000 	 1,105
User 5410 	 10 	 1,140 	 1,453
User 5411 	 10 	 1,879 	 2,141
User 5416 	 10 	 1,044 	 1,279
User 5412 	 10 	 0,748 	 1,157
User 5414 	 10 	 0,958 	 1,187
User 5413 	 10 	 0,548 	 0,831
User 5415 	 10 	 0,852 	 1,127
User 5417 	 10 	 1,114 	 1,284
User 5419 	 10 	 0,986 	 1,210
User 5418 	 10 	 0,755 	 1,160
User 5420 	 10 	 1,527 	 1,942
User 5421 	 10 	 1,222 	 1,378
User 5422 	 10 	 0,913 	 1,337
User 5423 	 10 	 0,669 	 0,812
User 5425 	 10 	 0,600 	 0,724
User 5424 	 10 	 0,851 	 1,033
User 5426 	 10 	 0,621 	 0,902
User 5427 	 10 	 0,676 	 0,771
User 5428 	 10 	 0,484 	 0,648
User 5430 	 10 	 1,031 	 1,107
User 5429 	 10 	 0,970 	 1,353
User 5431 	 10 	 0,634 	 0,749
User 5432 	 10 	 0,623 	 0,753
User 5433 	 10 	 0,880 	 1,153
User 5439 	 10 	 0,628 	 0,751
User 5436 	 10 	 1,299 	 1,446
User 5435 	 10 	 0,658 	 0,906
User 5434 	 10 	 0,578 	 0,693
User 5437 	 10 	 0,607 	 0,773
User 5438 	 10 	 0,951 	 1,339
User 5440 	 10 	 0,825 	 0,903
User 5442 	 10 	 0,563 	 0,855
User 5444 	 10 	 1,014 	 1,232
User 5441 	 10 	 0,630 	 0,750
User 5443 	 10 	 0,800 	 0,874
User 5445 	 10 	 0,973 	 1,279
User 5446 	 10 	 0,805 	 0,837
User 5447 	 10 	 0,730 	 0,791
User 5448 	 10 	 1,276 	 1,489
User 5449 	 10 	 0,800 	 0,983
User 5450 	 10 	 1,685 	 2,027
User 5451 	 10 	 0,750 	 0,816
User 5452 	 10 	 1,300 	 1,476
User 5453 	 10 	 1,000 	 1,105
User 5454 	 10 	 0,575 	 0,683
User 5456 	 10 	 1,029 	 1,244
User 5455 	 10 	 0,987 	 1,210
User 5457 	 10 	 0,753 	 1,186
User 5458 	 10 	 0,728 	 0,832
User 5459 	 10 	 0,954 	 1,095
User 5462 	 10 	 1,022 	 1,362
User 5460 	 10 	 0,575 	 0,683
User 5461 	 10 	 0,666 	 0,748
User 5463 	 10 	 0,779 	 0,892
User 5464 	 10 	 0,878 	 1,022
User 5465 	 10 	 1,079 	 1,255
User 5467 	 10 	 0,671 	 1,110
User 5466 	 10 	 0,700 	 0,920
User 5471 	 10 	 1,472 	 1,733
User 5468 	 10 	 0,632 	 0,922
User 5469 	 10 	 0,803 	 0,835
User 5470 	 10 	 0,550 	 0,831
User 5472 	 10 	 1,026 	 1,160
User 5473 	 10 	 0,674 	 0,815
User 5474 	 10 	 0,552 	 0,701
User 5476 	 10 	 0,526 	 0,663
User 5477 	 10 	 0,629 	 0,920
User 5478 	 10 	 0,497 	 0,653
User 5475 	 10 	 0,793 	 1,276
User 5479 	 10 	 0,857 	 1,215
User 5481 	 10 	 0,949 	 1,123
User 5480 	 10 	 0,631 	 0,908
User 5482 	 10 	 0,579 	 1,069
User 5483 	 10 	 1,086 	 1,180
User 5484 	 10 	 0,647 	 0,729
User 5486 	 10 	 0,644 	 0,782
User 5485 	 10 	 0,559 	 0,702
User 5487 	 10 	 0,426 	 0,560
User 5488 	 10 	 1,140 	 1,581
User 5489 	 10 	 0,845 	 1,287
User 5490 	 10 	 0,762 	 1,010
User 5491 	 10 	 0,700 	 0,798
User 5492 	 10 	 1,192 	 1,456
User 5493 	 10 	 1,835 	 1,994
User 5494 	 10 	 0,927 	 1,160
User 5495 	 10 	 0,846 	 1,029
User 5496 	 10 	 0,378 	 0,539
User 5497 	 10 	 0,552 	 0,701
User 5498 	 10 	 1,300 	 1,549
User 5499 	 10 	 0,743 	 0,805
User 5500 	 10 	 0,513 	 0,710
User 5502 	 10 	 0,778 	 0,998
User 5503 	 10 	 0,845 	 1,029
User 5501 	 10 	 0,726 	 1,080
User 5507 	 10 	 1,017 	 1,235
User 5504 	 10 	 0,900 	 0,944
User 5506 	 10 	 0,877 	 1,058
User 5505 	 10 	 0,800 	 1,169
User 5508 	 10 	 0,496 	 0,653
User 5510 	 10 	 0,682 	 0,935
User 5509 	 10 	 1,021 	 1,361
User 5511 	 10 	 0,776 	 0,847
User 5514 	 10 	 0,873 	 0,915
User 5513 	 10 	 1,075 	 1,300
User 5515 	 10 	 2,103 	 2,341
User 5512 	 10 	 0,551 	 0,701
User 5516 	 10 	 0,774 	 0,955
User 5517 	 10 	 0,600 	 0,722
User 5518 	 10 	 0,531 	 0,701
User 5519 	 10 	 0,940 	 1,282
User 5520 	 10 	 0,638 	 0,711
User 5521 	 10 	 1,026 	 1,213
User 5522 	 10 	 0,675 	 0,930
User 5525 	 10 	 0,799 	 1,108
User 5523 	 10 	 0,733 	 0,833
User 5529 	 10 	 0,865 	 1,013
User 5524 	 10 	 0,661 	 0,907
User 5527 	 10 	 1,196 	 1,533
User 5526 	 10 	 0,723 	 0,981
User 5533 	 10 	 0,855 	 1,129
User 5528 	 10 	 0,900 	 1,044
User 5530 	 10 	 1,420 	 1,557
User 5531 	 10 	 0,831 	 0,908
User 5532 	 10 	 0,637 	 0,795
User 5534 	 10 	 0,675 	 0,769
User 5537 	 10 	 0,755 	 0,823
User 5535 	 10 	 0,716 	 0,968
User 5536 	 10 	 1,577 	 1,843
User 5538 	 10 	 0,754 	 0,863
User 5541 	 10 	 0,510 	 0,688
User 5542 	 10 	 0,826 	 0,861
User 5540 	 10 	 0,727 	 0,831
User 5539 	 10 	 0,629 	 0,920
User 5546 	 10 	 0,840 	 1,025
User 5544 	 10 	 0,626 	 0,752
User 5543 	 10 	 0,765 	 0,979
User 5545 	 10 	 0,355 	 0,487
User 5549 	 10 	 1,603 	 1,962
User 5547 	 10 	 0,626 	 0,787
User 5548 	 10 	 0,978 	 1,203
User 5552 	 10 	 1,924 	 2,159
User 5550 	 10 	 0,563 	 0,702
User 5551 	 10 	 0,716 	 0,976
User 5553 	 10 	 0,682 	 0,821
User 5554 	 10 	 0,757 	 0,866
User 5555 	 10 	 0,857 	 1,038
User 5559 	 10 	 0,453 	 0,604
User 5556 	 10 	 1,236 	 1,495
User 5557 	 10 	 0,923 	 1,156
User 5558 	 10 	 1,941 	 2,048
User 5560 	 10 	 0,800 	 1,167
User 5564 	 10 	 0,895 	 1,166
User 5561 	 10 	 0,903 	 1,082
User 5562 	 10 	 0,822 	 0,936
User 5563 	 10 	 0,809 	 1,027
User 5565 	 10 	 0,373 	 0,539
User 5566 	 10 	 0,700 	 0,802
User 5567 	 10 	 1,070 	 1,354
User 5568 	 10 	 0,923 	 1,066
User 5569 	 10 	 0,985 	 1,289
User 5570 	 10 	 1,156 	 1,288
User 5571 	 10 	 0,529 	 0,721
User 5572 	 10 	 0,662 	 0,923
User 5573 	 10 	 0,600 	 0,725
User 5577 	 10 	 1,080 	 1,476
User 5574 	 10 	 0,455 	 0,603
User 5575 	 10 	 1,724 	 2,003
User 5579 	 10 	 0,748 	 0,813
User 5576 	 10 	 0,725 	 0,975
User 5578 	 10 	 0,704 	 0,959
User 5581 	 10 	 0,969 	 0,981
User 5580 	 10 	 0,962 	 1,103
User 5582 	 10 	 0,816 	 0,850
User 5584 	 10 	 0,857 	 1,002
User 5583 	 10 	 0,526 	 0,662
User 5586 	 10 	 0,725 	 0,831
User 5585 	 10 	 1,000 	 1,347
User 5589 	 10 	 0,646 	 0,727
User 5590 	 10 	 0,846 	 1,208
User 5587 	 10 	 0,825 	 1,008
User 5588 	 10 	 1,024 	 1,364
User 5591 	 10 	 0,851 	 0,890
User 5592 	 10 	 0,577 	 0,736
User 5593 	 10 	 0,671 	 0,760
User 5594 	 10 	 0,623 	 0,876
User 5595 	 10 	 1,294 	 1,500
User 5596 	 10 	 0,800 	 0,983
User 5597 	 10 	 1,300 	 1,607
User 5598 	 10 	 0,500 	 0,816
User 5599 	 10 	 0,617 	 0,780
User 5606 	 10 	 1,185 	 1,385
User 5600 	 10 	 0,924 	 1,241
User 5601 	 10 	 1,078 	 1,332
User 5602 	 10 	 0,762 	 0,986
User 5604 	 10 	 0,969 	 1,014
User 5603 	 10 	 1,897 	 2,324
User 5605 	 10 	 1,361 	 1,485
User 5608 	 10 	 0,380 	 0,540
User 5609 	 10 	 0,753 	 0,820
User 5607 	 10 	 0,524 	 0,828
User 5610 	 10 	 0,600 	 0,712
User 5611 	 10 	 0,492 	 0,651
User 5612 	 10 	 1,425 	 1,855
User 5613 	 10 	 1,005 	 1,305
User 5614 	 10 	 0,762 	 0,869
User 5615 	 10 	 0,895 	 0,975
User 5616 	 10 	 0,946 	 1,176
User 5617 	 10 	 1,122 	 1,438
User 5618 	 10 	 0,700 	 0,793
User 5619 	 10 	 0,717 	 0,968
User 5620 	 10 	 0,583 	 0,739
User 5622 	 10 	 0,876 	 1,201
User 5621 	 10 	 2,099 	 2,204
User 5623 	 10 	 0,875 	 0,917
User 5628 	 10 	 0,763 	 0,869
User 5624 	 10 	 0,686 	 1,131
User 5625 	 10 	 1,058 	 1,461
User 5626 	 10 	 0,500 	 0,621
User 5627 	 10 	 1,013 	 1,232
User 5629 	 10 	 0,755 	 0,823
User 5630 	 10 	 0,696 	 1,145
User 5635 	 10 	 0,782 	 1,000
User 5631 	 10 	 0,525 	 0,663
User 5632 	 10 	 0,680 	 0,933
User 5633 	 10 	 0,773 	 0,887
User 5634 	 10 	 0,217 	 0,304
User 5636 	 10 	 0,928 	 1,072
User 5640 	 10 	 0,781 	 0,894
User 5637 	 10 	 0,660 	 1,106
User 5642 	 10 	 1,710 	 2,019
User 5638 	 10 	 1,085 	 1,546
User 5639 	 10 	 0,697 	 0,844
User 5641 	 10 	 0,932 	 1,352
User 5643 	 10 	 0,837 	 0,937
User 5644 	 10 	 0,890 	 1,069
User 5645 	 10 	 0,800 	 0,981
User 5646 	 10 	 0,880 	 1,061
User 5647 	 10 	 1,018 	 1,389
User 5649 	 10 	 1,204 	 1,604
User 5648 	 10 	 0,600 	 0,708
User 5650 	 10 	 1,209 	 1,471
User 5651 	 10 	 0,700 	 0,793
User 5656 	 10 	 1,340 	 1,689
User 5652 	 10 	 1,204 	 1,466
User 5653 	 10 	 0,725 	 0,831
User 5654 	 10 	 0,573 	 0,860
User 5655 	 10 	 0,701 	 0,834
User 5657 	 10 	 0,531 	 0,656
User 5658 	 10 	 0,768 	 0,948
User 5660 	 10 	 1,268 	 1,671
User 5659 	 10 	 1,420 	 1,804
User 5661 	 10 	 0,558 	 0,701
User 5662 	 10 	 0,919 	 1,183
User 5663 	 10 	 0,515 	 0,692
User 5664 	 10 	 0,645 	 0,783
User 5665 	 10 	 1,200 	 1,437
User 5666 	 10 	 0,978 	 1,359
User 5667 	 10 	 1,156 	 1,569
User 5668 	 10 	 0,646 	 0,727
User 5669 	 10 	 1,051 	 1,413
User 5672 	 10 	 1,125 	 1,410
User 5670 	 10 	 1,300 	 1,672
User 5671 	 10 	 0,642 	 0,720
User 5673 	 10 	 0,566 	 0,833
User 5674 	 10 	 0,626 	 0,751
User 5676 	 10 	 1,710 	 2,050
User 5675 	 10 	 0,781 	 0,894
User 5681 	 10 	 1,274 	 1,677
User 5677 	 10 	 0,729 	 0,945
User 5678 	 10 	 0,974 	 1,280
User 5679 	 10 	 0,672 	 0,760
User 5680 	 10 	 0,700 	 0,804
User 5682 	 10 	 0,881 	 1,314
User 5685 	 10 	 0,889 	 1,068
User 5683 	 10 	 0,903 	 0,984
User 5687 	 10 	 0,992 	 1,130
User 5684 	 10 	 0,826 	 1,009
User 5686 	 10 	 2,017 	 2,271
User 5688 	 10 	 1,302 	 1,507
User 5690 	 10 	 0,978 	 1,081
User 5689 	 10 	 1,156 	 1,318
User 5694 	 10 	 0,485 	 0,648
User 5693 	 10 	 0,922 	 1,065
User 5691 	 10 	 0,870 	 1,016
User 5692 	 10 	 0,842 	 1,026
User 5696 	 10 	 0,741 	 0,803
User 5695 	 10 	 0,559 	 0,728
User 5697 	 10 	 0,967 	 1,250
User 5698 	 10 	 0,533 	 0,703
User 5700 	 10 	 0,854 	 1,036
User 5699 	 10 	 1,170 	 1,370
User 5703 	 10 	 0,725 	 0,944
User 5702 	 10 	 0,697 	 1,054
User 5701 	 10 	 0,643 	 0,721
User 5704 	 10 	 0,573 	 0,676
User 5705 	 10 	 0,735 	 0,946
User 5706 	 10 	 0,628 	 0,751
User 5707 	 10 	 0,650 	 0,736
User 5708 	 10 	 0,995 	 1,217
User 5709 	 10 	 0,449 	 0,605
User 5711 	 10 	 0,777 	 1,180
User 5710 	 10 	 1,097 	 1,418
User 5712 	 10 	 1,157 	 1,289
User 5713 	 10 	 0,653 	 0,936
User 5719 	 10 	 1,211 	 1,603
User 5714 	 10 	 0,821 	 1,128
User 5715 	 10 	 0,557 	 0,701
User 5716 	 10 	 1,248 	 1,470
User 5717 	 10 	 0,559 	 0,702
User 5718 	 10 	 1,075 	 1,375
User 5721 	 10 	 0,843 	 0,881
User 5720 	 10 	 1,659 	 1,950
User 5725 	 10 	 0,967 	 1,276
User 5722 	 10 	 1,022 	 1,362
User 5727 	 10 	 1,109 	 1,495
User 5723 	 10 	 1,105 	 1,352
User 5724 	 10 	 0,492 	 0,678
User 5729 	 10 	 0,652 	 0,738
User 5726 	 10 	 0,711 	 0,964
User 5728 	 10 	 0,748 	 0,999
User 5730 	 10 	 1,381 	 1,662
User 5735 	 10 	 1,300 	 1,411
User 5731 	 10 	 0,600 	 0,717
User 5732 	 10 	 1,157 	 1,365
User 5733 	 10 	 0,849 	 1,124
User 5734 	 10 	 0,603 	 0,891
User 5736 	 10 	 0,725 	 0,944
User 5737 	 10 	 1,049 	 1,230
User 5741 	 10 	 1,575 	 1,841
User 5738 	 10 	 1,293 	 1,687
User 5739 	 10 	 0,826 	 1,008
User 5740 	 10 	 2,218 	 2,425
User 5742 	 10 	 0,772 	 0,842
User 5743 	 10 	 0,903 	 0,906
User 5744 	 10 	 0,392 	 0,541
User 5745 	 10 	 0,927 	 1,160
User 5746 	 10 	 0,881 	 1,235
User 5747 	 10 	 1,082 	 1,477
User 5748 	 10 	 0,749 	 0,969
User 5749 	 10 	 0,848 	 1,289
User 5750 	 10 	 1,092 	 1,611
User 5751 	 10 	 0,699 	 0,845
User 5752 	 10 	 0,883 	 1,063
User 5756 	 10 	 1,153 	 1,500
User 5753 	 10 	 0,523 	 0,666
User 5754 	 10 	 1,393 	 1,723
User 5755 	 10 	 1,147 	 1,521
User 5757 	 10 	 1,124 	 1,259
User 5758 	 10 	 1,427 	 1,784
User 5759 	 10 	 0,833 	 1,013
User 5760 	 10 	 1,640 	 1,953
User 5761 	 10 	 1,656 	 1,923
User 5762 	 10 	 1,031 	 1,512
User 5764 	 10 	 0,800 	 0,981
User 5768 	 10 	 0,704 	 0,754
User 5763 	 10 	 1,455 	 1,743
User 5766 	 10 	 0,644 	 0,801
User 5765 	 10 	 0,805 	 1,024
User 5767 	 10 	 0,864 	 1,044
User 5772 	 10 	 1,722 	 2,099
User 5770 	 10 	 0,776 	 0,958
User 5771 	 10 	 1,446 	 1,703
User 5769 	 10 	 0,677 	 0,772
User 5773 	 10 	 0,592 	 0,884
User 5774 	 10 	 1,083 	 1,544
User 5775 	 10 	 0,884 	 1,316
User 5776 	 10 	 0,415 	 0,591
User 5777 	 10 	 0,648 	 0,902
User 5781 	 10 	 0,857 	 1,041
User 5778 	 10 	 0,826 	 1,008
User 5779 	 10 	 1,016 	 1,234
User 5780 	 10 	 1,296 	 1,511
User 5783 	 10 	 1,042 	 1,278
User 5784 	 10 	 0,907 	 1,086
User 5782 	 10 	 0,726 	 0,831
User 5785 	 10 	 0,627 	 0,751
User 5786 	 10 	 1,723 	 1,803
User 5789 	 10 	 0,646 	 0,902
User 5787 	 10 	 1,159 	 1,439
User 5788 	 10 	 1,313 	 1,504
User 5793 	 10 	 0,660 	 0,907
User 5790 	 10 	 0,649 	 0,784
User 5791 	 10 	 0,367 	 0,539
User 5796 	 10 	 0,414 	 0,591
User 5792 	 10 	 0,753 	 0,863
User 5794 	 10 	 1,291 	 1,751
User 5795 	 10 	 0,700 	 0,918
User 5800 	 10 	 0,940 	 1,082
User 5802 	 10 	 0,766 	 0,833
User 5797 	 10 	 0,653 	 0,786
User 5799 	 10 	 0,639 	 0,781
User 5798 	 10 	 0,582 	 0,864
User 5804 	 10 	 1,097 	 1,345
User 5801 	 10 	 0,527 	 0,661
User 5803 	 10 	 1,851 	 2,126
User 5805 	 10 	 0,676 	 0,770
User 5810 	 10 	 0,668 	 0,926
User 5806 	 10 	 0,923 	 0,967
User 5808 	 10 	 0,381 	 0,540
User 5807 	 10 	 0,629 	 0,873
User 5809 	 10 	 1,103 	 1,422
User 5811 	 10 	 1,463 	 1,903
User 5817 	 10 	 0,632 	 0,749
User 5814 	 10 	 1,046 	 1,279
User 5816 	 10 	 1,029 	 1,132
User 5812 	 10 	 1,024 	 1,319
User 5813 	 10 	 1,057 	 1,391
User 5815 	 10 	 0,723 	 0,944
User 5818 	 10 	 1,371 	 1,651
User 5819 	 10 	 1,197 	 1,533
User 5822 	 10 	 0,477 	 0,645
User 5820 	 10 	 0,656 	 0,787
User 5821 	 10 	 0,600 	 0,715
User 5823 	 10 	 0,301 	 0,465
User 5824 	 10 	 0,618 	 0,900
User 5825 	 10 	 0,751 	 0,971
User 5828 	 10 	 1,795 	 2,207
User 5826 	 10 	 0,850 	 0,930
User 5827 	 10 	 0,565 	 0,703
User 5830 	 10 	 0,468 	 0,783
User 5829 	 10 	 0,931 	 1,164
User 5831 	 10 	 0,401 	 0,629
User 5834 	 10 	 0,474 	 0,644
User 5832 	 10 	 0,595 	 0,886
User 5833 	 10 	 1,000 	 1,272
User 5835 	 10 	 0,500 	 0,629
User 5836 	 10 	 0,549 	 0,700
User 5837 	 10 	 0,828 	 0,905
User 5839 	 10 	 0,707 	 0,759
User 5838 	 10 	 1,083 	 1,336
User 5840 	 10 	 0,531 	 0,701
User 5841 	 10 	 0,924 	 1,067
User 5842 	 10 	 0,926 	 1,069
User 5843 	 10 	 1,850 	 2,105
User 5844 	 10 	 0,881 	 1,061
User 5845 	 10 	 0,600 	 0,722
User 5846 	 10 	 0,678 	 0,777
User 5847 	 10 	 1,026 	 1,127
User 5850 	 10 	 2,121 	 2,301
User 5849 	 10 	 1,300 	 1,542
User 5848 	 10 	 1,107 	 1,353
User 5851 	 10 	 0,848 	 0,887
User 5852 	 10 	 1,146 	 1,309
User 5853 	 10 	 1,539 	 1,899
User 5854 	 10 	 1,110 	 1,356
User 5856 	 10 	 1,127 	 1,342
User 5855 	 10 	 0,749 	 0,969
User 5859 	 10 	 0,473 	 0,644
User 5857 	 10 	 0,817 	 1,034
User 5858 	 10 	 0,478 	 0,646
User 5863 	 10 	 0,873 	 1,054
User 5860 	 10 	 0,927 	 0,973
User 5861 	 10 	 1,107 	 1,278
User 5862 	 10 	 0,809 	 0,843
User 5864 	 10 	 0,600 	 0,718
User 5866 	 10 	 0,854 	 1,035
User 5867 	 10 	 0,927 	 1,160
User 5865 	 10 	 0,921 	 1,267
User 5868 	 10 	 0,672 	 0,929
User 5870 	 10 	 1,100 	 1,392
User 5873 	 10 	 0,671 	 0,759
User 5869 	 10 	 0,754 	 0,972
User 5871 	 10 	 0,825 	 0,903
User 5872 	 10 	 1,164 	 1,468
User 5874 	 10 	 0,386 	 0,540
User 5875 	 10 	 0,553 	 0,701
User 5877 	 10 	 0,900 	 1,329
User 5876 	 10 	 0,615 	 0,898
User 5879 	 10 	 0,577 	 0,736
User 5878 	 10 	 1,678 	 1,931
User 5880 	 10 	 1,100 	 1,195
User 5883 	 10 	 1,353 	 1,583
User 5881 	 10 	 0,789 	 0,901
User 5882 	 10 	 0,956 	 1,184
User 5884 	 10 	 0,824 	 0,902
User 5885 	 10 	 0,700 	 0,801
User 5886 	 10 	 1,104 	 1,491
User 5887 	 10 	 0,743 	 0,996
User 5888 	 10 	 1,354 	 1,706
User 5889 	 10 	 0,626 	 0,752
User 5890 	 10 	 0,550 	 0,700
User 5891 	 10 	 0,726 	 0,944
User 5892 	 10 	 0,543 	 0,831
User 5893 	 10 	 1,468 	 1,854
User 5895 	 10 	 0,883 	 1,063
User 5899 	 10 	 1,113 	 1,499
User 5897 	 10 	 0,768 	 1,175
User 5894 	 10 	 0,518 	 0,694
User 5898 	 10 	 0,461 	 0,602
User 5896 	 10 	 1,017 	 1,235
User 5901 	 10 	 1,353 	 1,704
User 5904 	 10 	 0,704 	 0,849
User 5900 	 10 	 1,115 	 1,358
User 5902 	 10 	 0,825 	 1,221
User 5903 	 10 	 0,970 	 1,167
User 5905 	 10 	 1,287 	 1,689
User 5909 	 10 	 1,191 	 1,384
User 5907 	 10 	 0,744 	 0,857
User 5906 	 10 	 0,749 	 0,969
User 5908 	 10 	 0,831 	 0,908
User 5910 	 10 	 0,983 	 1,363
User 5911 	 10 	 0,952 	 1,181
User 5914 	 10 	 1,100 	 1,390
User 5913 	 10 	 0,624 	 0,876
User 5912 	 10 	 1,304 	 1,696
User 5916 	 10 	 0,907 	 0,991
User 5915 	 10 	 0,465 	 0,601
User 5918 	 10 	 0,677 	 0,774
User 5919 	 10 	 1,655 	 1,973
User 5917 	 10 	 0,553 	 0,831
User 5920 	 10 	 0,569 	 0,732
User 5921 	 10 	 0,726 	 0,944
User 5923 	 10 	 0,453 	 0,604
User 5922 	 10 	 0,782 	 1,183
User 5924 	 10 	 0,620 	 0,783
User 5928 	 10 	 0,700 	 0,806
User 5925 	 10 	 0,623 	 0,785
User 5926 	 10 	 0,788 	 0,900
User 5927 	 10 	 0,678 	 0,932
User 5929 	 10 	 0,800 	 0,878
User 5932 	 10 	 0,774 	 0,995
User 5930 	 10 	 0,569 	 0,662
User 5933 	 10 	 0,700 	 0,916
User 5931 	 10 	 0,537 	 0,727
User 5934 	 10 	 0,600 	 0,728
User 5935 	 10 	 0,560 	 0,868
User 5936 	 10 	 0,642 	 0,720
User 5937 	 10 	 1,326 	 1,821
User 5940 	 10 	 1,041 	 1,254
User 5941 	 10 	 0,765 	 0,882
User 5938 	 10 	 0,924 	 1,240
User 5944 	 10 	 1,789 	 2,260
User 5939 	 10 	 0,373 	 0,539
User 5942 	 10 	 0,824 	 1,007
User 5943 	 10 	 0,900 	 1,045
User 5945 	 10 	 0,988 	 1,292
User 5946 	 10 	 0,913 	 1,338
User 5948 	 10 	 0,651 	 0,785
User 5947 	 10 	 1,010 	 1,382
User 5949 	 10 	 1,177 	 1,270
User 5950 	 10 	 1,404 	 1,613
User 5952 	 10 	 0,425 	 0,561
User 5951 	 10 	 0,944 	 1,334
User 5953 	 10 	 0,828 	 1,191
User 5954 	 10 	 0,806 	 1,091
User 5955 	 10 	 0,852 	 1,156
User 5956 	 10 	 1,226 	 1,481
User 5957 	 10 	 1,115 	 1,204
User 5958 	 10 	 0,924 	 1,067
User 5959 	 10 	 1,738 	 1,913
User 5960 	 10 	 0,568 	 0,704
User 5961 	 10 	 1,021 	 1,155
User 5962 	 10 	 0,676 	 0,772
User 5965 	 10 	 1,329 	 1,571
User 5967 	 10 	 0,886 	 1,065
User 5968 	 10 	 0,565 	 0,703
User 5963 	 10 	 1,148 	 1,426
User 5964 	 10 	 1,089 	 1,415
User 5966 	 10 	 0,799 	 1,113
User 5970 	 10 	 0,519 	 0,694
User 5969 	 10 	 0,787 	 1,004
User 5973 	 10 	 0,876 	 1,021
User 5971 	 10 	 0,702 	 0,947
User 5972 	 10 	 0,531 	 0,702
User 5974 	 10 	 0,994 	 1,216
User 5975 	 10 	 1,100 	 1,395
User 5977 	 10 	 0,940 	 1,170
User 5976 	 10 	 1,649 	 1,860
User 5979 	 10 	 0,991 	 1,128
User 5978 	 10 	 1,350 	 1,640
User 5980 	 10 	 0,677 	 0,931
User 5984 	 10 	 0,990 	 1,061
User 5983 	 10 	 0,600 	 0,719
User 5981 	 10 	 0,712 	 1,064
User 5982 	 10 	 0,569 	 0,732
User 5985 	 10 	 0,462 	 0,602
User 5986 	 10 	 0,700 	 0,796
User 5987 	 10 	 1,035 	 1,401
User 5989 	 10 	 0,669 	 0,755
User 5988 	 10 	 1,239 	 1,492
User 5993 	 10 	 0,950 	 1,261
User 5990 	 10 	 1,329 	 1,651
User 5991 	 10 	 0,705 	 0,960
User 5992 	 10 	 0,988 	 1,212
User 5994 	 10 	 0,600 	 0,708
User 5999 	 10 	 0,580 	 0,699
User 5997 	 10 	 0,428 	 0,555
User 5995 	 10 	 0,925 	 1,068
User 5996 	 10 	 0,864 	 0,943
User 5998 	 10 	 1,096 	 1,344
User 6000 	 10 	 1,722 	 1,858
User 6001 	 10 	 0,959 	 1,100
User 6005 	 10 	 0,544 	 0,700
User 6002 	 10 	 0,427 	 0,556
User 6004 	 10 	 1,127 	 1,371
User 6003 	 10 	 0,553 	 0,701
User 6006 	 10 	 1,339 	 1,659
User 6008 	 10 	 1,313 	 1,761
User 6007 	 10 	 1,022 	 1,065
User 6012 	 10 	 1,517 	 1,828
User 6009 	 10 	 0,857 	 0,972
User 6010 	 10 	 0,629 	 0,750
User 6011 	 10 	 0,653 	 0,786
User 6013 	 10 	 0,778 	 0,851
User 6017 	 10 	 0,967 	 1,351
User 6014 	 10 	 0,626 	 0,751
User 6015 	 10 	 0,566 	 0,703
User 6016 	 10 	 0,650 	 0,983
User 6018 	 10 	 0,700 	 0,793
User 6020 	 10 	 0,600 	 0,709
User 6019 	 10 	 0,649 	 0,819
User 6021 	 10 	 0,550 	 0,737
User 6022 	 10 	 0,844 	 0,882
User 6023 	 10 	 0,825 	 0,938
User 6024 	 10 	 0,352 	 0,489
User 6025 	 10 	 0,554 	 0,701
User 6027 	 10 	 1,000 	 1,192
User 6028 	 10 	 0,913 	 1,179
User 6026 	 10 	 0,755 	 0,864
User 6029 	 10 	 0,971 	 1,110
User 6030 	 10 	 0,950 	 0,995
User 6031 	 10 	 1,410 	 1,903
User 6034 	 10 	 0,955 	 1,096
User 6032 	 10 	 0,347 	 0,493
User 6033 	 10 	 0,571 	 0,733
User 6038 	 10 	 0,458 	 0,603
User 6035 	 10 	 2,349 	 2,584
User 6036 	 10 	 1,591 	 1,676
User 6037 	 10 	 0,853 	 0,933
User 6039 	 10 	 0,532 	 0,702
User 6040 	 10 	 1,101 	 1,489
total mae = 0.869257881107175
total rmse = 1.140209493273093
